858,4,1.0
1482,1399,1.0
1918,1293,1.0
2302,1273,1.0
2415,1267,1.0
1841,34,1.0
2208,2126,1.0
132,2120,1.0
1319,1214,1.0
211,243,1.0
1204,549,1.0
46,641,1.0
1659,607,1.0
1688,1997,1.0
1695,1000,1.0
1219,267,1.0
2176,1187,1.0
25,1966,1.0
1950,646,1.0
2510,9,1.0
483,2052,1.0
859,1714,1.0
866,1037,1.0
1340,1329,1.0
2371,189,1.0
1878,33,1.0
19,39,1.0
646,8,1.0
541,313,1.0
593,1326,1.0
2157,2070,1.0
900,133,1.0
1742,1757,1.0
2274,624,1.0
2436,1850,1.0
1739,1855,1.0
342,2185,1.0
1422,2167,1.0
4,1128,1.0
480,81,1.0
532,25,1.0
1850,1222,1.0
1478,516,1.0
2288,651,1.0
2396,248,1.0
81,170,1.0
638,2155,1.0
1232,2218,1.0
530,344,1.0
1048,588,1.0
193,132,1.0
2143,1295,1.0
249,450,1.0
1495,350,1.0
1694,2146,1.0
2502,1744,1.0
1359,1279,1.0
1855,781,1.0
632,1073,1.0
726,1208,1.0
1901,2201,1.0
137,250,1.0
145,476,1.0
251,2168,1.0
708,923,1.0
725,2105,1.0
864,1148,1.0
1835,2009,1.0
1,1363,1.0
21,1487,1.0
1689,665,1.0
2137,945,1.0
380,51,1.0
511,99,1.0
1489,2217,1.0
2307,1181,1.0
2373,2028,1.0
572,328,1.0
1333,801,1.0
77,480,1.0
290,354,1.0
785,819,1.0
1257,1340,1.0
1671,2093,1.0
6,1729,1.0
244,1430,1.0
1448,1045,1.0
1570,149,1.0
1880,1003,1.0
2203,1450,1.0
2434,1701,1.0
550,1652,1.0
2227,1304,1.0
2356,605,1.0
661,542,1.0
2063,1860,1.0
2483,1504,1.0
323,494,1.0
324,1980,1.0
625,1369,1.0
2210,1319,1.0
2509,1110,1.0
15,924,1.0
1500,1388,1.0
484,1553,1.0
2037,1672,1.0
2431,295,1.0
29,386,1.0
330,111,1.0
1323,1360,1.0
1845,602,1.0
260,41,1.0
715,623,1.0
1534,89,1.0
2183,54,1.0
0,775,1.0
1927,1196,1.0
1857,185,1.0
2209,270,1.0
2246,2233,1.0
2430,1443,1.0
28,2240,1.0
2283,1887,1.0
129,931,1.0
155,684,1.0
916,1167,1.0
1104,437,1.0
2387,472,1.0
263,1071,1.0
1429,1801,1.0
2148,1568,1.0
1421,967,1.0
1929,940,1.0
1940,1338,1.0
656,1728,1.0
1026,1362,1.0
584,668,1.0
609,556,1.0
794,81,1.0
1692,951,1.0
227,2078,1.0
238,31,1.0
336,79,1.0
724,1385,1.0
1238,88,1.0
2323,1799,1.0
975,915,1.0
2456,1937,1.0
12,1249,1.0
1630,455,1.0
31,743,1.0
43,2141,1.0
406,2172,1.0
1733,2258,1.0
1597,35,1.0
1872,1680,1.0
22,46,1.0
963,2230,1.0
1815,102,1.0
641,809,1.0
1735,897,1.0
2477,1977,1.0
537,692,1.0
701,1428,1.0
1543,232,1.0
2009,161,1.0
471,1261,1.0
1492,37,1.0
649,1308,1.0
1504,831,1.0
1741,2165,1.0
536,188,1.0
1127,362,1.0
1179,371,1.0
1406,45,1.0
2297,2247,1.0
204,805,1.0
711,1567,1.0
2003,1496,1.0
287,1893,1.0
376,768,1.0
1053,662,1.0
2384,1389,1.0
996,1355,1.0
827,1470,1.0
1545,1364,1.0
1668,735,1.0
2124,1770,1.0
2357,117,1.0
645,1662,1.0
1402,726,1.0
2344,311,1.0
663,1453,1.0
685,2,1.0
2135,199,1.0
882,391,1.0
948,753,1.0
398,1429,1.0
618,492,1.0
410,470,1.0
1605,43,1.0
454,1322,1.0
1088,101,1.0
2233,1897,1.0
1710,913,1.0
2333,248,1.0
112,966,1.0
117,2194,1.0
1086,694,1.0
2196,125,1.0
1029,406,1.0
1501,583,1.0
1554,1999,1.0
467,1365,1.0
1237,1982,1.0
2179,1054,1.0
944,1109,1.0
2004,1985,1.0
49,2088,1.0
1285,334,1.0
1580,1022,1.0
2096,487,1.0
320,40,1.0
942,316,1.0
1055,749,1.0
1820,85,1.0
2142,2242,1.0
412,144,1.0
597,2025,1.0
668,570,1.0
1122,87,1.0
1846,904,1.0
1895,1903,1.0
213,302,1.0
433,1251,1.0
650,260,1.0
1085,512,1.0
1299,986,1.0
2408,173,1.0
195,1961,1.0
2341,182,1.0
397,462,1.0
978,1168,1.0
1541,1689,1.0
2325,585,1.0
1924,339,1.0
2226,1664,1.0
24,1248,1.0
1147,25,1.0
1306,1973,1.0
1456,852,1.0
2446,166,1.0
131,2020,1.0
1260,2021,1.0
1363,1596,1.0
2129,1237,1.0
58,1524,1.0
179,385,1.0
2171,112,1.0
589,1406,1.0
1548,1494,1.0
2234,1409,1.0
2444,1226,1.0
417,2163,1.0
755,6,1.0
803,853,1.0
1395,477,1.0
1154,1878,1.0
1847,1739,1.0
2354,1445,1.0
57,1532,1.0
489,2089,1.0
1475,2145,1.0
1603,1271,1.0
2089,1305,1.0
1990,347,1.0
2318,397,1.0
1003,690,1.0
1156,1572,1.0
1343,1655,1.0
1041,1881,1.0
1618,2081,1.0
1954,197,1.0
216,900,1.0
399,184,1.0
2489,273,1.0
817,2207,1.0
1747,1585,1.0
1873,953,1.0
247,330,1.0
835,148,1.0
1256,1115,1.0
1483,233,1.0
1561,941,1.0
2424,292,1.0
20,707,1.0
123,172,1.0
133,1244,1.0
1398,870,1.0
2389,514,1.0
984,245,1.0
1021,474,1.0
555,445,1.0
1266,112,1.0
494,1127,1.0
2079,2244,1.0
743,1113,1.0
1355,1451,1.0
1602,860,1.0
969,1230,1.0
596,1698,1.0
1749,1508,1.0
533,759,1.0
606,1789,1.0
1252,1740,1.0
1823,331,1.0
775,1475,1.0
1172,630,1.0
1734,2029,1.0
2352,857,1.0
615,332,1.0
1454,529,1.0
1574,1161,1.0
1596,1921,1.0
1654,1449,1.0
307,2252,1.0
925,500,1.0
1532,1174,1.0
1660,1750,1.0
2055,101,1.0
2243,246,1.0
1121,1546,1.0
723,2071,1.0
1294,312,1.0
1892,9,1.0
2110,2219,1.0
32,56,1.0
1994,93,1.0
2173,242,1.0
563,2186,1.0
1751,1826,1.0
455,165,1.0
1316,114,1.0
30,1210,1.0
30,1730,1.0
562,1021,1.0
2494,1382,1.0
1645,1883,1.0
2240,1333,1.0
2479,246,1.0
1416,1851,1.0
2386,1708,1.0
746,709,1.0
1364,90,1.0
828,234,1.0
1531,1405,1.0
1987,1479,1.0
2342,229,1.0
2497,1087,1.0
1114,336,1.0
1906,1797,1.0
805,1341,1.0
965,216,1.0
1712,167,1.0
2010,892,1.0
2473,1321,1.0
1840,1606,1.0
1388,1935,1.0
2253,203,1.0
2452,2236,1.0
214,249,1.0
218,1510,1.0
592,890,1.0
1201,702,1.0
2378,854,1.0
1094,272,1.0
1989,1036,1.0
1457,1742,1.0
2346,14,1.0
103,1540,1.0
1982,1947,1.0
110,1707,1.0
181,1534,1.0
899,1682,1.0
1300,1541,1.0
1367,876,1.0
1560,1972,1.0
41,1787,1.0
87,120,1.0
683,0,1.0
1578,320,1.0
756,1828,1.0
985,1490,1.0
1748,644,1.0
2057,102,1.0
2132,1311,1.0
677,259,1.0
891,2039,1.0
1514,891,1.0
1774,983,1.0
286,1121,1.0
430,1626,1.0
845,1602,1.0
994,1619,1.0
1253,1492,1.0
2182,2080,1.0
10,1219,1.0
534,1380,1.0
964,118,1.0
1958,1078,1.0
91,454,1.0
161,1780,1.0
1953,1890,1.0
2350,1349,1.0
424,965,1.0
2397,1498,1.0
2506,1784,1.0
241,1916,1.0
314,1117,1.0
995,444,1.0
40,1807,1.0
1351,952,1.0
1414,187,1.0
170,1095,1.0
1496,2160,1.0
182,146,1.0
1349,193,1.0
2428,10,1.0
488,485,1.0
1928,188,1.0
383,1646,1.0
1183,488,1.0
267,84,1.0
2021,61,1.0
1213,169,1.0
1622,671,1.0
671,789,1.0
889,1964,1.0
1613,765,1.0
78,276,1.0
375,1221,1.0
2426,36,1.0
2394,223,1.0
1811,2002,1.0
339,1278,1.0
1697,1189,1.0
2337,289,1.0
1084,37,1.0
1485,2234,1.0
1925,909,1.0
1239,1207,1.0
1460,1694,1.0
2061,2001,1.0
1031,1346,1.0
1539,1683,1.0
2188,2223,1.0
2421,1720,1.0
198,1896,1.0
1297,1143,1.0
2170,1884,1.0
1390,1885,1.0
1452,2091,1.0
1465,2213,1.0
1812,1407,1.0
2101,2037,1.0
896,678,1.0
2449,498,1.0
1334,1076,1.0
1912,887,1.0
64,1043,1.0
2172,95,1.0
1287,150,1.0
2362,345,1.0
599,388,1.0
1433,1612,1.0
1517,1768,1.0
231,2193,1.0
910,1951,1.0
1544,1610,1.0
2455,1224,1.0
1090,22,1.0
1860,1600,1.0
2217,426,1.0
1216,368,1.0
1523,773,1.0
444,166,1.0
538,525,1.0
716,229,1.0
1068,28,1.0
1263,1794,1.0
2071,1331,1.0
305,416,1.0
345,239,1.0
911,423,1.0
1243,342,1.0
1332,220,1.0
2024,559,1.0
2433,510,1.0
125,2022,1.0
421,992,1.0
2468,1485,1.0
739,127,1.0
2231,1924,1.0
221,1677,1.0
690,1100,1.0
980,2047,1.0
1472,558,1.0
579,139,1.0
1875,574,1.0
1399,1145,1.0
1972,39,1.0
2377,118,1.0
318,358,1.0
1401,750,1.0
2255,1547,1.0
1011,286,1.0
1765,242,1.0
165,160,1.0
1291,698,1.0
1600,290,1.0
146,1670,1.0
952,886,1.0
1409,2127,1.0
1818,25,1.0
2035,590,1.0
2520,964,1.0
1783,1538,1.0
2136,218,1.0
2149,17,1.0
2282,1048,1.0
1955,478,1.0
250,577,1.0
808,142,1.0
906,98,1.0
1259,524,1.0
2108,1141,1.0
1670,195,1.0
2165,2143,1.0
1054,162,1.0
1582,2125,1.0
2327,861,1.0
643,2251,1.0
2359,2147,1.0
2402,34,1.0
404,2229,1.0
