1198,7677,4.140884859760674
2573,2657,3.998533734187295
3903,6238,3.7761653730430567
4587,1710,3.778591153908992
6049,4397,3.7785207602617197
299,2093,3.296650542421541
9453,13,3.6399922868471495
383,680,3.913203204071331
2825,7906,3.8456489536748584
7837,3355,3.5826821102422057
8839,7860,3.7793893310786397
50,304,3.1756565385661806
7065,1012,4.097058771991384
7697,28,3.8370540619674713
9574,499,2.70465673446448
549,913,2.1738417989213357
3252,1431,4.1729648898771385
5478,127,3.1556865915578993
2753,261,3.4582883336754686
5172,4873,3.7000556043692057
9431,647,4.129282405151561
12240,3643,3.784688904998839
230,8902,4.100777449565824
1451,821,4.144279748191826
5930,715,4.273708377491259
679,760,3.0974194655181004
4838,5617,3.758789980088966
6559,2533,3.8004401466973627
12256,493,3.421541750793694
65,8873,3.7879168346078083
4704,2578,3.5575906908238593
8910,493,3.468147404788188
72,7630,4.103631906078528
1013,3,3.7950983028455854
1527,5090,3.5969254465416003
271,6013,4.026100701089666
5974,438,4.030241263744128
79,3715,4.142080374403328
2647,7140,3.6598696935165553
5923,3125,3.4409506575986244
6579,1217,3.705384958627726
9118,2652,3.6272311452677113
913,5809,3.7713110817937756
5233,372,3.615757029496551
6954,197,3.520942246334223
8080,1392,3.5213690999438367
9238,7159,3.660190786298451
48,5877,3.9916657908461315
3179,3483,3.8092381488750084
3556,2052,3.8400259876126284
10761,5871,3.739080137528064
2166,993,3.8142431484800325
5373,2402,3.9892118299266226
11657,2834,3.9554337452696626
11939,1050,3.820858049174422
355,5199,3.7117794606804413
4949,4334,3.739410009081977
7661,6468,3.6384345087417507
12214,1308,4.161559211891694
171,5848,3.758683771790099
3150,2524,3.905898028736167
9946,2934,3.825520599891403
10442,4142,4.193571373762227
11428,25,4.014938059171007
284,1160,3.9695736505839814
425,1060,3.145450445781024
1254,2983,3.5929772669628597
7403,1946,4.130462931448414
9710,5898,3.6958423387418984
11509,801,4.378449242961184
4226,4699,3.5742058742902274
9667,6439,3.59683035126593
11074,2161,4.041445491216298
969,1205,3.8821313260775656
4888,2306,3.8523418148708473
2148,412,3.8986632546100592
2591,864,2.9744107305869374
5650,7702,3.6476832129891554
8832,1341,3.8400898705015236
2183,4386,3.8936076729281965
5023,1850,3.9453717440774616
8757,3177,4.088501547221984
10201,1000,3.463127679609698
12252,53,3.7825454223811
1760,3761,3.928169913324326
6344,1967,3.986126600412219
149,5929,3.3921720240560918
9147,7479,3.8951630364674936
10607,8665,3.6455904557505914
260,511,4.630465188527602
532,1,4.342528196184862
1913,7421,3.599032461497895
7354,8809,3.7479821844414536
8597,5855,3.625260518890214
310,1377,4.550584076454655
10412,23,2.5350922437404577
11541,3706,3.6209763552573926
73,4737,4.108026640029772
73,7049,4.118359415340104
304,9101,3.25837727717629
4602,7975,3.671544147851542
1311,4455,3.8955588189064283
2307,5507,3.5186794564502186
6548,1290,2.758467039989003
3589,2844,3.8319045602191526
7133,7101,3.792229867657853
9595,2283,3.6401121041467874
12063,3785,3.983013754328451
205,377,3.6312103669733484
6530,1161,3.0576694880818382
9728,3904,3.776881190553897
777,4481,3.9944683725638552
1757,3612,3.7651255236658394
5123,131,4.629473245417901
6176,4002,4.021027126591625
9167,3897,3.947041145780865
3684,1847,3.4774419381038935
11679,2677,3.903723465693835
860,2472,3.9346451352726284
1766,677,4.2281768949131076
2387,8920,3.712153203327567
3871,8500,3.7615699471449897
9940,7436,3.7941106103730613
10487,1510,3.841566495310737
12025,2506,3.9192360696285213
2693,4895,3.595629610876696
3749,1224,4.026488677745103
4945,3,3.8998713426760743
6535,5537,3.8947372207664714
7978,2573,3.878687761659302
10630,1751,3.398994558661222
411,4,3.3341031640432104
926,1851,2.809315643805509
1591,3619,3.915792743377906
8261,8046,3.8307483727833076
9744,326,4.141747237247492
1987,3515,3.7798399759115813
2442,579,2.9750383312375503
2818,7288,3.4632428264377557
6116,701,4.0546922077330825
8037,1483,2.9790036991723055
8926,349,2.6506223291645767
12048,23,2.3761897194027957
128,5119,3.2209881010701955
362,6871,3.6592615011163887
1476,2616,3.696330459506659
4129,442,3.47592791612621
8011,6585,3.4698825275226426
9908,1736,3.8269493004110724
2927,9049,3.8229195045416535
9423,139,3.5544670239400786
11312,72,3.407231155241384
589,19,2.587277085760671
3739,9022,3.6853932131322162
70,4555,4.404570495174569
460,1907,4.222225852914352
2940,5163,3.578099194402929
8516,4539,4.005991967021534
10665,1015,4.186358929973869
765,36,3.9892484910467236
5013,31,3.1173048703529433
5887,66,4.733270241329678
6721,1815,2.9377828872827094
7644,1177,3.972964486476176
11088,7399,3.7306003930946305
206,7254,3.6364529806397647
683,3084,4.008017492106032
2038,3702,3.7594333404183518
7588,1216,3.7456838007258124
9848,7927,3.919031271315077
2566,933,4.379944687103189
11995,7124,3.7852030056026584
74,3795,4.18314593797178
349,4556,4.255563189816156
705,948,3.5726204226617546
8641,2111,2.5652948993162212
11518,6313,3.665124926299271
12283,6397,3.907776821781949
3032,2189,3.64790145334625
5895,1305,3.855168143605483
6824,8293,3.8977294160344353
2616,1823,4.10398466407773
7829,230,3.8153717382021544
9606,8256,3.884876802936823
2745,6120,3.744686263834978
6277,758,3.7950781780747485
7820,3023,3.735346254899717
6106,1616,3.2977428263217576
8505,5031,3.9051549256238225
11332,7165,3.7236636493402084
5091,747,3.862629286186434
7336,44,3.817244666051297
11411,817,2.510489047540082
11585,11,3.5818399054417047
4591,2875,3.772189674936791
8151,838,3.703236722718838
9532,1794,4.199337373895198
137,8360,3.824735945605713
1895,4866,3.681335054107578
6052,2473,3.5734519915846357
11214,445,4.125996728718648
746,1241,3.630706676031467
2967,741,2.657524986343111
8053,1879,4.019851423704258
90,1878,4.38888171923554
90,2248,4.0255209103778995
155,3560,3.0730209250241463
155,802,3.2424653709545255
407,385,4.116651032268468
4338,210,4.196732929124283
6676,4365,3.684450118679703
9446,40,4.4916629009171976
9780,6536,3.896701364927586
12208,6489,3.6849330985624253
350,2866,3.8257015941755097
1841,8490,3.8527244763059016
8340,270,4.455170187297272
11239,5183,3.9513123087377124
233,3855,3.716763056275058
4313,35,4.054622319260184
5255,3311,3.6421292598791672
6492,7036,3.731199439346931
9793,9,3.3622209422237703
348,6754,3.8004333320381116
1607,6588,3.698084025041001
4695,7408,4.080007391603794
7224,1303,3.746608214934057
7487,354,3.5854018495665163
8448,6432,3.8140322252592225
8700,6431,3.897754579470837
10002,4020,3.6903042174295697
635,1219,3.3929599704568294
1009,8057,3.8153373792581617
6629,3495,3.7269748174682267
7994,1837,3.632570679678665
8764,6634,3.8997225200071366
11901,4631,3.6814949817257046
188,226,4.141696722360201
964,3185,3.717738866151445
2000,4564,3.7111549790965426
2622,77,4.274945950185016
8931,272,4.215146156835796
11709,5133,4.1171988639484765
2204,8838,3.8244026764685723
8811,790,3.9213209554599873
4101,70,3.236814107204161
5143,1696,4.155962133773553
7995,1276,3.3008354609187496
747,3332,4.012877533495689
747,693,3.8405751649192608
1885,5165,3.8490880000162893
4682,7851,3.6151546395716743
7285,1204,3.8317059573414496
9344,5432,3.7182277417243874
10734,3408,3.6078020867871854
844,1341,3.642953904260144
3107,642,3.3899435207046467
4815,528,3.790957759273202
96,3237,3.2981645058286384
583,1773,3.453431821931658
716,9,3.763148989343595
2786,4223,3.771028371317552
3553,2864,3.8282201493446544
10881,7235,3.8033010746248133
11134,588,4.018314026952483
11496,3131,3.822757706913333
99,8365,4.065329713637732
3374,987,3.742802694754928
5879,7869,3.7164615712616325
8809,8176,3.538016738307944
9707,7333,3.8787864796232303
76,3928,3.4526150237150883
739,4876,3.5286817973959326
1343,15,2.8136796449607457
2950,5174,3.6981745198945055
87,1389,2.3186687923008917
917,5728,3.8119251904593634
9195,0,3.7864783453706483
10273,631,3.72150544725947
11225,8373,3.8714735213896816
6972,1395,3.7637983842982137
285,774,3.8939496850272493
4044,156,3.91723910234925
4665,5078,3.903085380099743
5675,228,3.658168707511783
376,4169,2.837117095822456
5443,373,4.252867492738368
880,1717,2.855766351033092
1937,6169,3.724570141052631
6139,2638,3.7634627206109696
8363,1440,3.940372814726872
9638,4537,3.782086438096146
11628,5241,3.5160062904032943
394,825,2.863381517210371
8501,62,4.1264981035487525
9230,751,3.7883704454920326
10386,1086,3.527793883720897
11442,569,4.160691878721732
4673,2463,3.937113057831103
6805,2133,3.8234768513170736
10095,7746,3.8186094656763054
11595,836,4.1839966885211615
3682,1414,4.048487038394988
7367,5943,3.817633829290568
942,47,4.104624365916512
5228,5164,3.651731930253885
12161,3,4.037717923568701
1097,3196,3.630527750895957
3176,935,3.7789751246411405
6040,8631,3.6464717501005075
592,6,3.9205616691880922
2034,1147,3.3034428755904686
6053,8408,3.608279643192688
7113,8928,4.043457366212889
9394,1391,3.84999477921117
169,1065,4.5254745364913935
7161,1010,3.7530578356625695
10677,4736,3.640465266537085
11696,9073,3.4794360803412516
412,6682,3.548238589014549
4576,5408,3.9593093538309634
7635,1666,3.7439007895334684
9579,27,4.348218453961503
10138,8670,3.7371264464250715
11757,7202,3.664223300943635
1252,5749,3.879877847741129
5946,1331,3.5207677059531024
11916,937,3.729859725933326
69,2377,3.7924981935302466
381,681,4.228479808922148
381,2815,3.5576726768172793
2281,6851,3.498830132003457
5757,4213,3.9288989697575913
8439,8990,3.5946656010388454
480,134,4.446621228267213
1029,8427,3.8431833897159993
2379,1918,4.013645765676431
6809,2878,3.8569149677402086
8783,20,3.76773605159674
9887,6141,3.7131736052579556
83,4280,4.472081496138819
3961,1487,3.363889836993704
6195,2210,3.9085871470299423
598,7784,3.5298397270990454
1874,8815,3.826455208693512
2537,2217,3.7196677553096746
8801,331,4.091474521110034
192,1928,4.056392658786451
1637,2201,3.834477034834244
4979,5534,3.8887804192912774
11275,1949,3.745427519440607
2072,2089,3.713640006971665
4414,6737,3.570523571734967
8916,6743,3.819533050985545
639,6223,3.422222377636932
1681,8392,3.5961566306375734
2638,5993,3.7757979154980026
4856,2739,3.747788797381562
6414,994,4.191289165216535
9515,98,4.143720264943147
292,95,2.751231529981837
717,7282,3.960974853687563
2515,6935,4.042467103663785
5392,7480,3.7354915807806495
8966,6203,3.6376028942431797
1916,61,3.825977377704102
8154,2,4.092362074010732
4143,221,4.09153737119639
7618,1581,3.7024924831436845
10559,3,3.9208966563997465
11773,1580,3.8537071540279997
11894,6554,3.79977126446704
12147,3436,3.6921137993654622
6218,7836,3.760503756793494
7609,1947,4.032344557724112
10370,7982,3.5542454038536806
2472,2,3.9926762559497635
1833,3598,3.921844807474364
4091,5514,3.584982629857255
5227,5370,3.8498542423805775
1788,3593,3.7736092065284077
11572,2126,3.760862406518694
12108,710,3.913803090811871
11296,7880,3.9564817665086154
718,407,3.896355348263479
1445,2071,4.140470695978671
3153,132,3.683055037391235
8502,8364,3.810666471831625
10527,96,4.193274173336889
196,1869,4.084693419456322
1528,4540,3.6200494966941563
7267,772,3.2014612507616085
10204,1676,2.7751663386547363
708,846,4.515204198452499
1022,650,3.4150503320690113
2052,1779,4.162620514723593
4822,7834,3.8384232999411405
5400,8767,3.881662085980556
9422,6608,3.669193973981088
9620,20,3.9647397940961335
638,2234,3.940567746216383
638,6928,3.796255893718777
1839,3835,3.6411172343048124
2511,8,3.163234418646576
290,1894,4.031826067606715
521,368,3.864680145934784
1834,7257,3.887551753148753
2845,196,4.307350982154326
4586,1141,4.272497874456996
5427,238,3.330901254260799
6695,2783,3.7958153391648417
7193,5836,3.5955307526601654
12289,814,3.861558305747702
2719,5283,3.661843615458297
4163,36,4.2449964395703566
11961,3326,3.777606720090109
616,5935,3.95517534293755
3172,1618,3.150679540857066
3705,120,3.737837820036715
4345,4975,3.6858893902211434
8595,1457,3.733972232139659
146,7728,3.344139097917794
146,1899,3.447509213284508
2492,28,4.008787718331333
6318,1121,3.5820089623358933
8580,535,2.9149759599510294
287,5580,3.769618371752577
982,16,2.899580018804413
3348,7606,3.737900310010817
9919,5798,3.6913024133673185
191,1399,4.347015510298861
1057,6031,3.8561860833295896
6601,597,4.068781466750147
11855,3327,3.9020307547250983
1946,4130,3.7759103424461338
4203,4241,3.852503740653685
7935,1345,4.196158190451538
10826,6735,3.762927383617615
2086,6220,3.8246034991434876
6965,360,4.70928945832657
8619,6764,3.813364457642658
688,6924,3.938067177308033
8748,44,3.916023782545767
329,8808,3.4989436566642427
3169,3280,3.6734552696597826
5704,58,4.54602970185102
6669,4234,3.868261092097937
991,60,3.156075312936104
2926,7723,3.6623328628886003
5232,221,4.062433321847675
10462,5698,3.5156823378134727
11770,5727,3.980477820577613
2885,4249,3.7504218662489066
4656,6534,3.6270127362513875
6509,1968,3.8922436620579504
8995,302,4.013942880531326
10450,3516,4.052534483939754
11898,8772,3.728040975387329
522,1327,3.881304458891049
4436,55,4.0774833183150045
200,4029,3.642710291556641
200,4188,3.899140878846231
713,2280,3.9435835785198754
2208,1207,4.189792086824962
3675,199,3.9498077772975893
95,480,3.4373907504332117
7053,17,3.669924711902595
10025,5405,3.890176934114628
408,7368,3.5177073704572006
3807,1605,3.802704864090432
10996,90,3.952619959509542
5412,4632,3.5111848281739917
7913,5517,3.7214285024947333
10384,908,3.2844976586140957
289,565,2.7340590978442223
641,1995,3.675685104088865
3467,5973,3.8988393207447234
4750,214,4.126980300525128
8197,4013,3.7526591947085692
8944,1798,3.3172096557536728
543,9140,3.8455870178058738
754,986,3.9267395769066944
1718,1325,3.2009779281129815
7211,5476,3.8556893001207793
9597,1714,3.8441197271143066
2867,28,3.8441532251021338
4278,9013,4.155577880903856
4968,6701,3.7735933245824174
8259,50,3.065056811327121
8918,2382,3.6191706328423585
11490,615,3.72194574223916
1549,4910,3.596465081511735
2586,1780,3.9641622020419964
8015,3847,3.762563368844674
12165,1695,4.0975282553491414
328,4203,4.04317254370138
1949,4802,3.7790874352219324
3161,3121,3.833654011742279
3724,164,3.7109230624089804
5659,7683,3.7966276367648875
10367,34,3.246507023483298
326,9105,3.9612340234337116
3522,585,4.082742362931551
5191,3376,3.571973095888857
7264,57,3.6043323585283806
10310,1604,4.293230683226946
198,302,3.3472297750281057
1484,192,3.837382379939943
6185,8213,3.6609671533577233
170,2604,4.286568256051512
358,6742,4.052519815155381
514,47,4.694170990516521
3999,5247,3.6878613998839547
7446,7409,3.6965132639753016
11051,3441,3.6963357165740605
167,1546,3.7958328897519547
611,5604,3.77002629821182
1847,198,3.8240540336546824
5989,41,4.200190264166852
7477,139,3.694358224511337
10897,860,4.165790362903243
12290,1048,4.1685188568191585
207,3986,3.145241502812005
478,610,4.393242257669126
934,3697,3.711881256214587
1710,965,3.8045063619231505
10846,3641,3.8399092118216096
607,8047,3.7276473273470843
607,7360,3.7532298008595157
959,1418,3.922084961054517
1614,985,3.659108918228623
7748,2587,3.508817537493464
10075,8544,3.5404729529701857
11141,5127,3.710405687131662
5969,5583,3.690304914697324
2384,4294,3.5967272466812714
8269,271,3.2392439145942
9787,739,3.66667999165957
12146,44,3.8743922954129584
312,1156,4.081922165525913
1204,2363,3.7218260313539258
5413,58,4.66216973710707
344,1194,3.9580001778910265
531,2908,3.869434036807628
628,7095,3.97992821915995
11500,8061,3.6372061094303016
375,5550,3.5283390028708452
2441,7365,3.7154678554603096
3686,72,3.3798944660877854
4774,568,3.6973523516902858
6424,54,4.112367433192289
11930,1052,3.3041462689422296
47,52,4.416014486258312
47,3320,4.275318364104126
2665,6476,3.527108008223421
6673,4472,3.7061682101342273
9948,621,4.345475080535853
321,1225,4.512965275322938
2656,4475,3.4463537861494435
3733,1771,3.7671121335039737
8390,8013,3.6815341006434226
3770,1136,3.4877949634670333
640,40,4.628236618291413
9576,4608,3.9939877115158406
3623,102,4.013831503072585
4310,522,4.379127028340952
6352,2521,3.5953682715306834
6646,5094,3.895933809751985
7021,5563,4.016674264781764
10682,235,4.013588745173346
9048,386,3.2284381019821713
907,2131,4.2161918378596885
2657,804,4.326379073795858
11243,2810,3.7246316963324024
490,83,4.810647896298145
5385,811,3.6915871772186635
5998,6605,3.720458548951467
9546,1942,4.011222005987296
11828,884,3.9600820442031055
1519,5263,3.639419099079264
1890,377,4.211724745300788
7703,55,3.84279868695199
8203,1542,3.1603869791969905
11189,587,4.179848312673341
11727,29,4.029962120798538
398,5716,3.9383154266232374
3399,1705,3.228221265723087
7597,575,3.923601140653449
1200,1075,4.228357372917639
2157,4,3.526182467915962
3692,1334,2.9475442613056493
4262,5496,4.0325105074605805
6374,7719,3.839582651333097
9531,2558,4.098721741552557
10954,7375,3.666060061432368
168,981,3.6664994331210163
996,2598,3.6214496605687616
4277,4909,3.814224870157735
6230,8292,3.8100589683078683
5120,0,3.658684966790329
11324,4525,3.9840400932178466
293,1758,4.120652888368446
8720,7146,3.740997301519617
479,37,3.895267193621916
479,304,3.9743225219258744
1881,6669,3.641048465803773
4971,526,4.144814757232804
4354,420,3.639604398808283
6354,1727,4.172446569615728
9174,6390,3.9300403814328817
1804,7493,3.7535157079361823
6120,792,4.416934032242285
8817,5055,3.86682062285238
10822,5881,3.6469140542590837
2565,1297,3.5270052820962117
3095,7203,3.7625592079334083
4403,45,4.032844395456454
10317,5905,3.7745944641467406
11729,2025,4.006206075313889
572,32,4.435400930821011
3579,4228,3.5214881903979993
3950,2914,3.8643973289817697
8231,7711,3.837440043751975
10535,5047,3.652260698586074
670,5498,3.8672795291709376
1372,608,3.524651164923549
1975,6270,3.922612503502794
1777,7758,3.725519833181387
1321,6568,3.7380838902864197
9132,6342,3.7535922423796895
9915,524,4.188120992749232
10426,5543,3.593093096298172
1753,7713,3.730352318868876
3144,4314,3.7777292366408024
4470,4005,3.77818737568544
5691,244,2.8959708854037443
5945,7977,3.4498804493589916
11812,1,4.0026366750027265
678,667,3.6360156924939133
5774,7700,3.5325559359383303
6940,1709,2.9133537750032383
9711,1868,4.0274302361413
492,155,4.424295435712045
2266,1415,4.050156996843422
5290,7636,3.843120424919759
11964,8438,3.250166209402987
12279,1555,3.640670875694504
195,4059,3.698917035291825
5509,873,3.1472786024201174
5689,1652,4.226809617624614
7998,8582,3.779158484244988
8615,5814,3.8281218396732304
10240,483,3.6596924372605604
534,6037,3.907127882491002
1724,1648,3.7737567802838012
2695,7718,4.079857407520472
10743,4025,3.839792686483594
699,182,4.599773566934311
3552,6873,3.802766234628804
6490,142,2.90688346987844
3891,1622,3.822101452229804
6900,179,2.9579350980113257
8828,8764,3.9712848557535114
1517,5923,3.8894431966012766
3019,1383,3.912544337794325
3538,6932,3.772568656869767
8384,2212,3.835294371250424
46,208,4.847955793681495
3184,1617,3.8335924127863406
5924,8569,3.6413634153471603
7906,2593,3.6423479046302862
11862,8700,3.871790977764611
151,1670,3.537223465776971
7486,3386,3.60495145135784
8435,2065,3.206095314447011
11283,139,3.6665719425123964
6963,315,4.11676492295781
10242,204,2.8003987170483264
10908,9072,3.7704673934894224
11241,4416,3.724471734441665
2857,1037,4.110505853508435
3508,6076,3.836875418367437
4236,31,2.941750973656057
11560,2665,3.804910317377616
208,1754,3.7057317002000816
585,2826,3.144658178428494
776,1138,3.744723430573667
1121,1998,3.8420924048295886
3212,7541,3.750570207486474
3841,2833,3.9355837185095566
10504,2664,3.977671255832017
2841,596,3.8255169915813854
9050,3255,3.772811098136298
10439,6964,3.863148440601394
3231,987,3.702903740135307
5498,4657,3.8976593631048955
11570,393,4.152854110798821
162,1491,3.580324595592212
1011,321,3.780809897160823
1799,117,3.617433607321104
2407,672,4.668833871498251
11168,97,4.564223595465127
11507,5893,3.6994324766881324
702,6393,3.991956875522007
3174,3058,3.9952903421536528
144,1331,3.462554085409998
787,6621,4.401743634126905
3033,6899,4.028506116546803
7765,2409,3.8804420811621623
12199,5624,3.761062508855175
39,4858,4.229504759337697
652,7475,4.301016703029422
2583,1533,3.7274958172802806
7890,6751,4.071869840010192
9339,5433,3.713588906540382
11306,7640,3.613523919585392
6310,4887,3.909111012049016
6546,1842,3.943340927893793
7156,2777,3.754093435041774
8299,2017,4.2335561090040015
193,292,3.459593691857486
1920,8986,3.7929259432708933
3280,6614,3.860348950030655
7602,617,3.897978771686667
9529,9,3.4423754638604693
166,1797,3.7022177931225877
5720,6406,3.859794109732366
3621,394,3.4172885463350973
3193,2,4.134384761725743
4706,259,3.407330879820282
5686,2124,3.0120208439787923
217,70,3.263718813295196
660,1880,4.162246704939782
201,1657,2.9904512282295035
6544,4390,3.6653733404075863
33,4989,3.98242548919816
749,1278,4.078512135912462
3058,212,2.77700769784281
3447,805,3.5365144673959565
4680,4744,3.6508556677235022
8205,53,3.3228066506769807
11124,3478,3.663832991617281
1489,1010,3.4148706091297307
1977,544,3.2491120013401718
9330,3261,3.6680443078724982
2601,6014,3.58050913410706
4215,4731,3.678400767251004
4686,1534,3.922365796827106
6915,5758,3.7949128010925532
7905,5079,3.7920968072349286
578,373,4.330593291493032
10368,1486,4.166541544958416
756,4252,3.6406137799414195
2168,6611,3.544014249346193
3874,2805,3.2852310673798515
8604,547,3.46141961758358
3097,4184,3.6557719307732803
10398,589,3.7203246711925053
11877,5093,3.7243761673212656
13,721,4.436896797423866
388,2299,4.303670361602906
3065,2447,3.6723163896518742
3537,4862,3.69738020335058
3828,96,4.224406635692281
6488,6281,3.9529737093720954
9133,3047,3.7947115113689103
9455,1989,3.583732677555431
9844,9150,3.7420870621672293
239,723,4.046137156061462
957,4071,3.763525124061294
5061,111,3.7612710619354575
5425,588,4.013570859038034
6012,9100,3.614202658457158
8035,6067,3.742235906621857
2,4789,3.6117046859699857
117,8460,4.358815231551123
432,3562,4.332619376215969
5286,473,3.174871533154417
6454,3381,3.8751099325522183
9785,21,3.645574845992026
10608,7,4.182927446917919
40,502,4.24652831153751
40,5128,3.8944328492823725
222,4729,3.84392075478346
1611,1190,3.598374438150998
2125,139,3.530961907923685
9943,5519,3.698094394991548
715,3881,3.8582846560668327
4070,1120,3.6221549858043485
11328,151,3.888303522907895
43,7807,3.872677439754812
1899,275,2.39395167870618
2834,64,4.152343712867884
6853,36,4.015278508509825
18,4502,3.676022268369213
3,7667,2.991751855735737
3,2168,3.517544902317301
2978,1101,4.24362174207386
4652,6480,3.415707203906794
9598,3506,3.5329175082488358
22,9144,3.870899548261516
22,6712,3.7820550957175745
5694,618,3.521883480493702
10007,4578,3.54744516747806
12205,6447,3.5572908712662135
11694,398,4.011535049742879
42,6550,4.172952491470283
2840,7923,3.9941359948999153
4676,8952,3.754548597965221
7824,7326,3.906834145456379
7818,6470,3.7718072517004613
8067,346,4.063883912209926
8263,1564,3.877827792262289
9563,202,3.194040474718376
1401,15,2.674783969199622
9374,475,3.75144537060077
0,7535,4.079296117859165
229,8908,3.0383016088117514
3994,1860,4.261702676267383
8507,7284,3.3699576337559627
11145,762,4.117926400212854
12318,4568,4.031348897544755
10354,293,3.637099690433489
11706,7666,3.806652647056033
12185,4032,3.9106231892855408
4,7038,3.94161564422283
234,1551,3.329991763211871
1762,433,3.8668030595815828
2735,230,3.8046698206981673
5836,7971,3.65936637247259
505,2224,3.6724917624643627
11542,183,4.254737676827504
2036,1822,4.168062558357384
2684,8529,3.798797897429081
3547,589,4.014686829812963
7457,1068,4.008805533104184
8585,7112,3.640733930466175
894,1886,3.794632249926016
7290,6041,4.006854116651157
10293,1059,3.2759152325193712
10717,6320,3.576984964338503
452,5799,4.193309244824282
3802,3784,3.664464241239491
4283,2874,3.574260849103645
7306,7361,3.9199042596398646
7972,443,2.660313135906211
8899,1827,3.7529245426648195
11962,1503,3.9599925613649583
16,1457,3.646768851555481
763,257,3.9069413440986747
1144,4850,3.7287394892290853
2929,5191,3.442217170380911
10248,1725,3.8267063776195838
23,434,2.7427034815879017
659,4723,4.080498972755693
1223,6334,3.7287173575861536
3384,7120,3.5548596872278915
5787,273,4.282607133018334
11932,6493,3.759898739328328
554,8415,3.740364499204678
3504,20,3.9313044154168515
7895,1251,3.9438907381658233
12,4671,3.3072106459598207
12,3692,3.3988639037219186
406,190,4.460245301205154
4217,259,3.205522547066289
4923,1621,2.898059292417044
5667,2334,3.6884494895189794
9753,2069,4.288161541570608
11063,2086,3.769297012224344
5,8380,3.7712238208145012
5,1537,3.700873374730838
5,2903,3.542199493774711
5,3338,3.6452538605499933
560,553,3.8884946802405547
5210,7403,3.7222792992947853
9024,7978,3.83584683851379
11596,40,4.4689249550413725
58,324,3.8768383402544173
573,5937,3.765237638754427
4249,1666,3.878212659737148
7705,2076,3.693975045573735
11563,1493,4.077455706958997
3914,2003,3.9193794217152185
4674,143,3.70129642446649
6507,4553,4.011505621146777
7340,122,4.024889533559648
10526,768,4.272458942227215
2373,646,4.293695499847878
2769,8,3.218337187774491
3421,3923,3.549425328594234
7614,1,3.917908485080731
51,8794,3.70006482910883
141,3299,3.9873302714218277
141,1954,3.557550834908168
141,4519,3.6970673383050827
3129,64,4.183570331674089
3615,2162,3.7885548108208096
12112,1453,3.823092570472258
25,2406,3.697490775685477
211,7610,3.7303582428836934
7081,7178,4.075564165541457
8025,87,4.259412147986551
8791,346,4.202440371305859
9732,296,4.153140710165107
2413,1115,3.133838345166082
9375,6714,3.756660489286041
10849,730,3.110144219387252
14,93,4.508862566147398
1323,7603,3.9919452374950954
1690,702,3.2588019551506378
2806,1020,3.834470452641157
3413,11,3.6135697707509937
5806,4362,3.576518568774885
1,510,2.6197531016289
1,7896,2.9882386255322158
1,8806,2.916826447417763
3534,1302,2.7602077059791896
7235,437,3.8417680005508084
52,830,3.6184128730624425
399,2654,3.8986414209015705
692,1143,3.660802759026628
2308,1680,3.5328676948287394
9479,1986,3.506979302618912
1530,1218,4.038287172183137
3362,1916,3.9378336742170488
8001,1951,3.6789389920533324
4548,6740,3.7691307474921723
8821,427,4.496343843546396
11176,8137,3.5451767678839365
6705,677,4.13266590907897
644,3573,3.818454395735489
644,4817,3.8190501616340904
131,330,4.612927554292337
131,910,4.36341833485471
556,791,3.693359022700473
7097,1525,3.789561470031748
9533,9127,4.057111176311184
11313,2454,3.7423963709746593
1069,973,3.850270930621307
1919,2068,4.119623434079116
3629,4621,3.5463108235207828
5570,4661,3.3888066644307213
9285,243,3.872231896375343
2526,7486,4.03087157033333
5271,625,4.227242893016084
6575,7122,3.891142765634976
15,339,4.357484857587142
112,4,2.5636650567273205
1827,14,3.4486195586138795
5066,4638,3.6236713069522333
6014,186,3.656889271556019
7728,4878,3.6403243447044416
12243,410,3.82795234381168
2551,1255,3.1640440757840045
6175,3753,3.3439349113125423
8528,9021,3.9310442258723093
8950,3328,3.7980074249793327
11823,4783,3.8145738757639007
221,444,3.7517319579118515
221,5677,3.5634237714284094
298,8164,3.929101168609023
866,2964,3.699734401223286
7983,5373,3.813242526156492
9035,1738,4.026705818401889
9842,7953,3.889551682300407
12192,1537,3.567649864103729
5994,2600,3.7774668104866533
6516,2173,3.7534379004254026
4694,2843,3.967492781659376
3286,6586,3.5995855319815955
4975,506,3.6605514336792675
6758,4373,3.7343236627209135
7836,1451,4.0306169441231186
10191,4950,3.7055630159710256
11422,8420,3.7136573106378292
2620,477,4.028049549566462
3473,481,3.6263693909613752
4171,36,4.192407888300863
8613,1292,3.9838956688817673
11946,71,3.961236482801732
8889,739,3.7199909479903557
12284,2476,3.8459468268049024
17,17,3.7670798419437546
17,712,3.0711070407019445
17,3626,3.7638987631819933
17,4627,3.657092571023133
3305,5038,3.7983955563135083
4703,1573,4.210349012414852
6118,164,3.507077991703761
7561,7974,3.636824900105045
10402,2690,3.8047091983430543
11457,5449,3.6450725997355784
1482,1223,4.2215496727558355
5235,6563,3.943298100385598
11441,2962,3.713129038685534
26,6017,3.692286267295585
3812,392,3.3472965206990346
10914,9157,3.936531643942052
11064,2992,3.5989570588350452
10,3171,3.2208216390190523
10,3717,3.2903448047623236
10,1367,3.613491886156461
536,7306,3.792404812649548
8598,856,3.9892142614279034
10880,4082,4.047605089701416
6931,948,3.8371931116815734
9917,4301,3.6405932236655643
273,1950,3.457163740932091
925,370,3.9749909275963136
2225,1300,3.7101964793960813
3859,100,3.5016717324419857
11136,5569,3.598648112013432
3448,41,4.303117913127419
8278,4978,3.6455088890902734
11277,2096,4.199191621781913
630,9005,4.212672312397725
2229,8473,3.663005360372729
5316,1266,4.06292840486522
7799,2943,3.7220278460218528
8449,33,3.50668654296464
9530,7356,3.9546624361617795
7500,3393,3.926865796477183
9649,314,4.070194867024884
493,6370,4.2321344187604675
1699,4762,3.9608385355212814
6030,668,4.408652462730284
12280,5450,4.182144776607689
1831,8193,3.720630841590559
5788,2975,3.5713058967949634
6324,615,3.8249990096058557
4523,172,4.179170876235483
500,4899,3.8855638323383945
500,2023,3.7974538149522163
10250,621,4.061308221801734
11532,239,3.4160040398879614
12159,90,3.728711760854771
772,6138,3.685489015930875
5377,1870,3.715162171479074
5566,7465,3.796536408814382
7389,534,3.501750109553865
8414,472,4.594830195189845
427,6620,3.800943881197016
855,4222,3.7291241635285277
9260,1360,3.763225718925155
12297,220,4.260530571085508
596,378,4.171998681471195
596,1904,4.1559804105479605
1595,626,3.9181444975642385
4069,177,3.664419311567156
4983,352,4.040799085534224
7213,24,3.175343254858662
7651,800,4.127074138853041
129,724,4.124772938332171
5903,126,3.889772854282399
498,87,4.415439051366587
3028,8423,3.604403930232489
7580,8572,3.7310704841029985
727,2549,3.718106433317258
1453,1787,4.226334306262195
10308,1014,3.746644206643084
12187,1867,2.976371793676206
9079,5981,3.7789754669652416
5109,1238,3.934483895971945
8268,3789,3.482642472300543
9738,3010,3.866909637551804
10670,180,3.7023429994185437
12227,548,3.4815354330470734
2083,4092,3.9105199147500325
4318,45,3.9870730593477277
392,862,3.059039695105881
1781,8109,3.835685530707357
3748,367,3.892277792682871
7431,7828,3.955167018461348
8388,8719,3.5462089953508125
41,600,3.595837918022547
41,7527,3.861847005000782
409,6007,3.6359317412710532
4522,6163,3.8228343242007075
11630,115,4.3392454939096705
111,998,3.2755339402907198
2111,674,3.7765325059854176
6010,361,3.68984865702086
6730,40,4.644179504670395
1308,900,3.9496409117044387
2979,896,3.9578510378481915
3851,3804,3.6871056155996738
525,119,4.076636172638048
525,2799,4.005237739286634
1663,709,4.058627977110223
6924,350,3.849162915571732
9198,6780,3.907973426629949
113,2996,3.6398519583596474
721,8239,3.2855380279954773
6838,4227,3.6826434993861095
8960,225,4.000767665171894
11423,6696,3.7021283220419914
11749,2267,4.035853817163075
314,971,3.1616517730173674
8581,4077,3.6133894910219415
7202,8092,3.6020396169434012
796,1627,4.135076964279812
1594,5911,3.903328585823112
3133,8453,3.9802652302369705
7188,570,4.378169338390275
8084,716,3.7948024077125804
487,5830,3.589563111562079
4683,323,4.18255491727832
5753,4355,3.6852381042693394
3131,2171,3.6295682672230085
7368,8521,3.821703570351269
547,7485,3.649800105024128
3037,6324,3.890491253399505
3628,1557,3.699570117789121
10915,141,3.5208959718358517
275,1103,4.181979196127365
4062,5805,3.747867893271822
10927,2,4.131777317683906
12149,8390,3.6947261349006695
11,2948,3.373656638052561
11,7476,3.3501653011950254
1552,2374,3.9557248491539627
2218,4399,3.7622890063928978
4933,1188,3.001450409886668
8543,3640,3.8594217668237767
9183,7602,3.77548464608562
38,7855,4.216711910423453
5527,478,4.132466052117114
7361,194,3.906955693289017
8114,343,4.340255716919178
202,4270,3.1416735847555173
723,9077,3.9752866173135137
723,7379,3.733306524551819
3029,7331,3.711158823227702
4239,8833,3.764297948478614
5101,2350,3.7623965775780834
5693,376,4.561906017559225
10271,507,4.20692453735034
1620,518,4.020420264536524
2653,1203,3.6937430159773017
10112,8076,3.5686934341713505
1704,1021,4.135839922137335
9590,7966,3.9274817811002682
10637,7961,3.892111364044384
8377,1242,2.7544394115435695
9103,114,3.62216776746515
10635,5214,3.5481138697952357
631,738,4.000526984914266
631,8965,3.9455619507472792
1181,6662,3.6202004550229465
8495,1164,4.104932479098155
30,360,4.8268684309040095
5401,4740,3.8312399955559453
8467,7430,3.4276505930004575
1389,329,4.246596663747426
4746,6407,3.8059424537712965
7377,541,3.857512095332613
4528,5146,3.7226206284928227
6477,2109,4.194245584065913
10746,223,3.2313558628375523
11553,338,3.8261743129415757
3836,1869,3.736305754296201
10894,601,3.6205217265908076
11415,160,3.240929266065665
9359,8381,3.978703330584574
11048,2661,3.906580838657859
2007,4611,4.028854916207155
8395,5616,3.6509862830385442
10388,5268,3.7140708263065054
3313,50,3.265646749294741
5313,1998,3.8073655812720766
8660,3086,3.7643737493735485
889,902,3.4350393904039738
1638,7688,3.8852074745906227
2186,3490,3.5218278367517812
3076,891,3.355857933474772
4885,388,2.670441417288877
7283,2285,3.6518876712831547
8659,2811,3.8098568864297473
1061,3554,3.8730127894951596
11229,347,4.265802036344344
32,8303,3.8011276649430163
32,6648,3.7865148615445077
3713,159,3.669892185158556
9430,1427,3.913528468008081
223,958,3.6425256561820634
223,2042,3.9322572247681973
2691,2588,3.465904387548888
10847,2118,4.156919058586441
11220,6997,3.706883782489097
1322,688,3.4595149008142805
2783,6844,3.732403460933774
8745,6461,3.642800806918946
9219,38,3.330687047020786
5299,6283,3.6547022380589516
7390,2163,3.7971022417383833
9558,8495,3.7115124982511065
622,4088,3.7172936124789104
6733,1066,3.567534438597366
1262,7743,3.858960952616431
2529,132,3.6355536992312834
5681,3990,3.71309731475678
11438,5077,3.6880179048691932
767,6937,3.4781257329239046
8424,39,3.014502835196527
5258,1662,3.806349566158788
9926,6395,4.1797199523842075
12232,823,2.9873524042174875
102,7017,3.6350430846420325
3971,723,4.045694911870091
6335,2749,3.8145015562359483
7204,456,4.0947499777338425
8138,1680,3.6555123654218886
3637,1286,3.4818241158695016
5449,509,3.318043161137648
8771,1153,4.00637752748572
335,4093,4.11966219353013
2790,28,3.6856767782576285
5215,6868,3.805704668083741
10358,2950,3.7167469364040535
11211,5918,4.11636124988193
3693,42,4.023491247813058
4116,4702,3.75084859258956
6547,469,3.340748986337557
9231,5633,3.91904071396976
9719,8309,3.6319857288375172
121,3101,2.7358786496861924
2936,1637,3.694954236196456
5093,541,4.031324864536959
6704,5088,3.952156330892135
3326,1409,3.856719227633659
4552,7916,3.8012886524485525
1025,7380,3.851433504047504
1570,3918,3.707483457951362
5224,2,4.109031326780509
9959,1636,3.042410870119617
20,89,3.2398251495453096
6196,5390,3.8612448368991776
7084,8,3.2767158809298422
10360,1396,4.001416164221251
658,5051,4.245454797688955
1292,6768,3.796496612287506
2363,2014,3.7603898093868176
2679,4140,3.708078741111744
9096,3961,3.76261261119511
6440,2655,3.978841929484339
8999,7840,3.8355851759134114
3546,5130,3.7302071301631545
4849,30,4.595149196209677
11493,1284,3.893838854462485
671,5100,3.7373219486364597
2715,4121,3.8281340079979143
3952,462,4.243567076235759
4835,7355,3.516164665436838
8277,1057,3.910504470265719
8895,6803,4.013001868148235
11223,1009,4.165807555180343
1051,5967,3.8539013365640034
2330,2076,3.5959513678437327
7155,204,2.7508572487622076
8825,9116,3.601342505567907
9072,1710,3.8113277971265576
11577,6058,3.9127175544966564
2109,1170,3.1788866171031245
6522,1046,3.6906136103389575
8786,543,3.762932088038558
10113,244,3.07053688541828
488,2897,2.7156622985171675
1365,643,2.986695144979222
2301,2398,3.7503578531381856
6054,58,4.573090941057092
10024,7024,3.819995157458282
10930,2443,3.61915110065926
11765,1929,3.879052720156174
1491,4,3.1031677153889503
4352,5053,3.6318930897916615
4768,7230,3.6560787016025427
5563,7756,3.8018359030041338
7541,1762,2.8818893481495613
8723,3242,3.740233027248171
172,8344,3.9166342837960766
2465,1504,4.114487932076838
8221,1601,3.971212064140342
9483,3479,3.8462147362139545
27,892,4.452090821816969
27,9012,4.281787794557159
4417,1818,2.9549383885040754
10674,8692,3.982966578317855
2794,732,3.3304546528113153
6590,8313,3.8918928726798976
10195,6650,3.6195553407264454
7522,1980,2.679075287476587
9888,4000,3.7754576336436645
10263,8821,3.3797566393402168
1534,491,3.6839438839950995
2738,8045,3.792317844411495
7566,3693,3.745908330521987
8536,549,3.0282473828716947
9645,8799,3.537387307340544
1488,171,3.210871440697635
3011,5057,4.165565358410633
3558,3359,3.682098277785468
4562,8226,3.4093912051642135
5221,5466,3.8003044764481984
2683,7769,3.8052312051263244
4286,466,4.129995391882382
7184,3005,3.6875382999332786
8285,186,4.1963681951388905
9810,3037,3.5315982762513367
1334,409,4.025079322398728
3586,6408,3.742220080284817
4396,4019,3.74520983357189
138,4170,4.053957949686326
2500,2046,4.215931980657445
6164,4,3.294032268987022
130,1836,3.207421961532459
1990,3181,3.5562810255343793
5800,429,4.228250771723301
6525,345,3.315534011871374
9990,2957,3.819041878816275
11789,8741,3.8410488171546593
648,2024,4.000795780830495
1314,6202,3.5466789676336794
2211,269,3.5681375217628255
3287,6798,3.573141776476711
5096,7881,3.7716102759247763
7706,5037,3.601453483816931
8702,61,3.8573964549467865
179,175,4.087706429061558
703,8743,3.7294869663834267
5845,1406,3.7197721295248036
8373,8911,3.6951938562133546
10834,6908,3.6730739518860114
8545,2474,3.857326116905525
9235,5755,3.9771300809750416
9821,1527,4.165985377518334
11910,1081,3.2924379824908643
2065,1686,3.9910999825343705
4120,7943,3.7153453102667187
4265,5361,3.682233546553583
6654,5141,3.82931903166039
7088,7935,3.819881917663826
8677,65,4.185571930512349
9190,7047,3.703035728065537
10455,2555,3.7289743472979504
2569,5485,3.851995775336263
11259,3683,3.8731520058026465
527,1885,3.6963643218551603
2184,4144,3.8485719844260142
3645,2368,3.6607219529256687
4937,838,3.63669586135375
10152,7407,3.9078522540598977
6740,1924,3.9482575313086516
10126,5983,3.79303208357421
5451,217,3.346507670331881
5772,7487,3.588096671449642
6821,647,4.361905394908115
10066,6132,3.630367535947951
2544,328,3.798282403680424
5273,4046,3.666075040022568
7404,2317,3.7802364789594165
4392,1968,3.874142905751061
5656,1258,4.430850910155885
9692,543,3.669962108872973
664,1443,4.522383076580768
3503,3405,3.804778054804891
6421,3979,3.7007267502421124
11414,578,4.269591140666785
3012,173,3.92165565255739
4594,729,3.5231485075718436
6417,2014,3.9350685295045977
10019,2651,3.7088585880449476
9614,8780,3.7749414679825977
6085,1981,4.060199742497436
6620,1102,3.617920147242008
10082,137,3.462094314531259
11973,5067,3.625221663900025
1655,89,3.716772050767973
2079,4643,3.808631540150895
5881,3808,3.704998151313434
7640,2329,3.717826907247162
1222,8383,3.6919786326896826
6238,4748,3.64842171357217
6503,7899,3.5676268681146373
11270,3765,3.6043544803865704
309,2717,4.40195703636736
520,2821,3.8952776783707725
2126,2527,3.615704544381774
2581,8007,3.7343991481620447
4896,6148,3.6870838374075485
6388,248,3.908775259448255
10071,6400,3.897818224126997
12031,17,3.745498920868809
740,149,4.029888901322461
7085,4396,3.649183241410479
5383,4415,3.8394883438476475
6667,5023,3.5030001312051118
8466,5975,3.769047429014691
11989,8757,3.8705393336206333
456,446,3.446842519390823
456,6668,3.905111867618456
10034,1961,3.6800846366892555
3924,7584,3.6640889677995294
4928,639,3.8552990977191004
7944,5602,3.959251679547737
10315,9031,3.5637212558489795
10997,11,3.5470579992225124
11922,4238,3.729307611432546
681,1490,3.877393469614227
1010,7800,3.94553337228083
4858,978,3.164744622945946
6986,238,3.248243082685919
1918,229,3.9306192903059993
5445,8261,3.884214801614161
10385,2832,3.7305284534790917
1141,5462,3.8778386913466334
4832,4454,3.7446134347825573
10584,8,3.1878513552627
569,5011,3.3128630457788475
2865,5136,3.673600762626704
4935,278,4.365352164992833
6836,303,3.698227988521916
10545,455,4.23281717444741
6104,4567,3.6828076861391668
7589,5469,3.7093188709866918
8875,660,3.463563315130224
12248,5601,3.9702982224360976
7057,6469,3.7633377052682886
9232,575,3.865194358581586
9766,7887,3.8024005751092966
12058,6583,3.846957862586382
3042,5386,3.7451381449529535
7846,5895,3.782215193585271
10156,2182,3.5818900104539217
3375,2351,3.6354194174401053
2556,6804,4.0043168289165125
7303,8728,3.954903800569395
7518,104,3.8824231671564386
224,6307,3.9783860776033872
4263,6232,3.781779238019135
6543,549,3.191504513477219
7301,1316,3.9254210505664724
1561,8259,3.7495550634134642
6062,5204,3.7435977736022505
6747,1243,4.2350644319668875
11723,102,4.181965692114478
12151,2091,3.62458978418758
6223,347,4.356416776772442
10829,1419,3.7927536925228913
5512,8262,3.8060882342278424
6984,5739,3.6351901849420254
7554,2546,3.6595677900870927
8989,5723,3.8658151815057096
1280,4011,3.8914813110542625
2457,661,3.9096626780958843
2508,878,4.228980959799584
7316,1957,4.168353298763625
9363,2095,2.8272417589487637
513,8923,3.894887659214392
1842,63,3.072622065264333
4021,2041,3.4655567142710733
542,5344,4.065151089964773
5311,963,3.6282964811427805
10563,1535,4.229629327987153
12193,1,3.9328992641441154
1436,1245,3.163874049699596
3873,9163,3.6496031699175377
5284,2696,3.9002589281624673
6680,50,3.4413511048712
3593,1153,3.9741248489160035
4314,7841,3.862767715898557
5160,6911,3.6992786364284087
6816,5097,3.825343613573905
771,5644,4.182372108501577
6903,6348,3.7095107122813147
7362,7576,3.7621077911636567
9467,9019,3.78453867126379
1176,3079,3.6118412262565704
1869,2272,3.7450927694152703
5601,4908,3.7065783261942316
7767,6587,3.445292840288954
10102,247,3.0313982689138412
11157,1140,3.579100598014669
80,8249,4.009974623680783
80,4221,4.174886123364466
666,114,3.808761550039086
666,486,3.0836061898962184
1585,528,3.8641023304474955
2612,7748,3.812572239509378
3049,4405,3.8777642383536857
4366,8994,3.7256025702866182
11528,3417,3.7480316507771096
8483,55,4.130580527111836
12143,5699,3.8114581834226264
7428,6293,3.875410355677386
269,5831,4.319224657321262
789,3740,3.0204482844570464
2858,641,3.948533970101419
3997,2854,3.867865001955296
8564,5087,3.8983454250291287
1105,8144,3.7801379743634667
7659,1041,4.0098791796788715
8515,6812,3.736926107747899
734,2222,3.8445909617866363
734,1816,4.0097388374584035
1657,819,3.6118362127203616
3021,351,4.053073419260219
4478,4607,3.723496489066517
7032,2320,3.749413107613054
9146,1209,4.130897434787508
264,308,4.066041711742397
9173,286,3.2149255394055065
2777,3209,3.8827692382594696
5645,1890,3.9169347641373116
1786,1949,3.6949505765540387
7999,5759,3.8348364995091786
10797,1792,4.196043282166376
4385,8608,3.876275598578111
8209,3736,3.7677551043300865
9115,4745,3.7350614389154826
12086,7600,3.71846421331835
691,397,3.8126284167085496
691,6907,3.9864130345618918
2390,4135,3.79129301134402
6638,1846,3.390109526840696
9698,4060,3.468144188130351
7172,3930,3.729415989013957
11317,3150,3.692290068353937
2446,4962,3.57602353056812
7734,3156,3.7137375979250016
9033,1250,4.314069965118024
6670,1089,4.15121336395673
8894,1642,4.514570364033599
9466,3523,3.6365667620703737
10101,6399,3.7280675487273562
476,1546,3.5236211810108533
2094,1826,2.829423644242457
2734,8614,3.496294650260924
3203,6916,3.8872422582862005
4723,276,3.35701833761274
9656,814,3.9072896636850674
541,3052,3.111512000525743
5287,4429,3.7037516459685693
10638,2816,3.873121552487798
12113,1460,4.516207810090672
1636,4570,3.9097675364795705
2909,6292,3.8911064153967243
4148,111,3.685727824560683
5595,7456,3.551014483704781
7840,1807,2.6965184610879254
9277,1907,3.610942867437299
10493,739,3.690872949921009
1218,410,4.135306394533139
10498,4318,3.8523940064253175
570,91,3.8582073969894517
4259,4533,3.5231497424833096
9588,1785,3.643178337015149
9845,176,4.044691077916784
3265,8112,3.6435106828636044
3962,7080,3.597268321285626
8725,2958,3.6849964309631917
735,94,4.49339771700939
1237,79,4.508616850667439
5896,3360,3.7355119922157614
10860,295,4.305310719041049
7190,8669,3.9682419064448817
11697,1365,4.082607637370784
414,643,2.8982923054275482
5134,3984,3.6181621728453286
9444,505,4.3829918399280325
10256,665,4.183509100524483
5593,10,3.611736939054592
7135,2005,3.873219380670696
1675,2891,3.4865477115122623
5043,4932,3.7500691981846836
695,8327,3.7854004576446942
3258,2080,3.9847777446156236
4128,357,3.9888730300210757
11972,1445,3.3205316982463238
2731,73,3.918414910210813
4104,5683,3.883605210224704
12260,5671,3.6826823475818915
242,5028,4.239616490831789
2764,114,3.8398108876311134
5432,7918,3.698751688539353
11103,1359,4.2161037941494035
965,5295,3.9272659013206015
2081,4871,3.613686763074854
2708,257,3.715308953361053
9360,8004,3.575242282900423
2112,76,3.7909835527393576
2829,2125,2.846644252800584
6501,666,3.5318106588975486
9910,8615,3.7044819625526286
49,5244,3.7229344539134495
5300,2142,3.7502943242896887
7796,61,3.6865602034321214
7365,1429,3.852508394753416
8040,1569,3.124339558216015
928,1299,3.876051414117115
4002,1722,4.004254221104101
10719,3933,3.5284276629671467
11557,2098,4.039991393632771
160,83,4.936954710989984
4382,1033,3.664084657295862
11806,8229,3.8771933176509594
1813,963,3.5718680125973488
4273,20,4.0484392839075
5713,315,4.234726989627183
8096,35,4.051184040835235
11349,6315,3.8020364588431583
5955,42,3.687960726148349
10620,2493,3.7058041570532203
4453,4780,3.7872691010489183
7851,1567,3.054730618276751
528,122,3.956550629500873
1037,7546,3.8073689197361538
3236,3919,3.777047429146711
4689,3876,3.2998111568519373
7842,4589,3.6783680181312937
9145,2072,3.9865502486349573
953,3075,3.6719800817654633
5959,1137,2.899239967906714
7798,805,3.591450743180328
5514,2592,3.5782575648631947
56,19,3.5922825074879925
56,6251,4.081699014637765
2742,3217,3.8480634621634393
3650,3488,3.7945623175780026
11719,3277,3.7057462845795675
2076,539,2.88399179296158
5247,590,3.642049756568991
6183,7531,3.432838893874199
8885,565,3.3238131041924044
159,8265,3.6335343714218373
6784,415,3.816187414514023
8168,207,5.0
9686,151,3.8052484034390304
11171,5883,3.680273570038852
4000,3022,3.504134798666004
5660,1322,3.2620895278573876
7175,3813,3.8751552476132627
7497,3060,3.7861470004035556
4216,1730,3.428583644415145
4537,808,4.173575420652816
5354,8846,3.8356156822404057
11049,107,3.6355256014286987
1300,5489,3.7734397591592237
2781,397,3.417638143729547
6132,253,3.8566189655713323
11378,6704,3.5186141239433883
1593,4055,3.722996333242522
2258,2358,3.4888225890737297
3307,3438,3.5990692769354715
4978,6738,3.7272881305283128
10469,6593,3.6963320511223388
1558,8173,3.6676452907076977
3070,3415,3.84192117559747
10106,280,4.222006929781352
154,6106,4.155734725805041
10702,4933,3.773406931277729
1978,1053,4.039090918822098
6574,6185,3.8448691768133623
8731,70,3.1984893614629795
10499,1251,3.8642102520350465
2578,7897,3.7761690019943526
8128,138,3.972955641432944
8810,1786,4.069430475868416
4881,273,4.445632932592061
9538,25,3.9152771570383966
11661,200,4.3892577911899355
3424,13,3.6004317698425807
4807,5374,3.8496217392939
11951,6511,3.7107132640012175
1170,711,4.172814028661168
1623,1232,4.151942537001018
2142,3064,3.8989853694289347
142,8382,3.3978015277191442
916,682,4.404167532595602
2366,4459,3.8125831674810513
5716,699,3.619006766497874
8056,9165,3.854922991105316
453,1204,3.9817736066037157
453,6380,4.072484558618301
3267,754,3.88612045525401
6554,1808,3.9049767421227
3162,8800,3.8689383589277804
8438,957,4.080408462444397
2447,516,3.7240469161850625
5111,1,3.908830696657686
6597,1426,3.614880174482938
10297,7303,3.6610309224093736
3806,41,4.223661771404529
4446,2715,3.783819119575669
6434,306,4.157608590949967
6751,8738,3.697737470525087
9799,3134,4.075196986615929
1814,7488,3.7464962529537824
2078,6998,3.7177476375783525
2766,690,3.9571088729403723
6239,4089,3.528021109535489
11705,5859,3.634543598573241
357,8623,3.6519894831917696
3649,292,4.030207542318377
6577,6479,4.067197353004575
3040,6340,3.889044948246552
11639,4600,3.6100724215753317
263,5264,4.190211156188207
784,8907,3.4889364793618998
1385,2909,3.875228282982767
3605,1319,4.272480931517838
8092,3461,3.8135792841861034
3885,1070,3.703819147210012
5889,7781,3.8118539717935227
5118,374,3.9143856146658824
118,5167,4.315357894029526
1848,514,4.247593550725129
4647,6190,3.9308602140913558
5811,2314,3.8114409627912003
7441,422,3.4234814353802108
8411,2276,3.53718206759686
684,4327,3.62857375350681
7059,2758,3.802067824619132
10808,8391,3.809645930381289
4804,930,4.307739163944793
7197,9129,3.8062728641175796
9733,7650,3.383425576334008
435,1715,4.222673848980884
6656,5741,3.6297726977404303
7014,7041,3.6741346847463365
140,1368,3.8555319558043517
2320,8295,3.628972121525772
4180,6068,3.9189623799579874
5388,7810,3.844570334184908
9425,16,2.854411391720537
1042,8709,3.5877461259982644
2809,6139,3.875060250809356
3376,4363,3.7717650692140134
11133,283,3.8372068935752193
4374,751,3.9599159121013177
4797,746,3.900134458668997
7633,149,3.988717943447922
8476,6168,4.00113710695284
8973,6193,3.821628285638531
253,351,4.115637750860629
253,3749,3.8846994873545913
4662,6893,3.9917888605159377
6689,1883,3.9271336262972234
10621,5049,3.662226828086385
44,4725,3.963915115526338
2793,43,3.6465580345597934
10586,174,3.4530079691987834
11035,1788,4.10518399480104
3505,1008,3.4172478626916147
5125,8081,3.7127548278427
11348,6947,3.8869748661360273
3813,5906,3.439241429493406
9768,7053,3.722008750420375
940,116,4.115712446928142
2595,8740,3.576401190632594
2240,6140,3.651458231726803
8305,148,3.094273476100069
6267,4935,3.9826336888495213
3284,4226,3.8741068542639425
6724,229,3.702488099516219
8152,2396,3.859147572310439
11534,1930,3.7423655290321003
66,3228,4.064383449951574
6148,134,4.445999036211589
6858,428,4.018586319731602
780,1158,3.4904829496651812
5002,8343,3.523843459187966
7003,4125,3.700884405549036
9661,2404,3.790930457604496
10247,550,4.133764040125319
3578,311,2.6971185267325817
11147,811,3.6840781732858288
11467,6108,3.953954704905172
2694,4562,3.542436569084832
3197,6276,3.640520794619813
3668,3458,3.839979926520124
440,4799,4.164776071243197
1956,230,3.8746985599210904
9964,27,4.384367380238753
11754,7875,3.785511820890133
662,6516,4.151401110821339
811,574,4.215181583436306
5345,923,3.4409948365120413
6027,4813,3.5165375188864
7273,5553,3.5361118276294436
11333,7895,3.68516846019572
2221,4921,3.7715339045755165
2779,1295,2.801027461366956
3516,7850,3.4925851802583714
6017,142,2.98045718051984
8876,657,4.038541636225336
10311,3067,3.8554665895702107
597,2221,4.091550038045641
374,322,4.285025135709373
7636,2236,3.8440839107078357
8713,3,4.162674489147985
11159,1853,3.1478470187717753
197,2862,2.920687044249076
1739,8602,3.7119903913581815
3563,5007,3.976793635137254
8834,3,3.9721444662604166
5636,195,4.141875382265719
11602,8422,4.104516507072217
5205,1,4.0756322524643975
6140,2417,3.942160886780329
11666,7632,3.63889002302055
4145,166,4.577507698339107
9839,8196,3.670686930687352
5362,1119,4.183098755327197
9704,254,2.9857502666067126
94,1725,4.169418809668309
94,7196,4.269521681288399
694,847,4.504513814680606
4159,8535,3.7343626247598087
11345,54,4.065079484983189
4963,3232,3.869649861450647
9636,2440,3.846073506311743
10683,3954,3.6570365675773018
1502,1416,4.234305192912107
6381,6367,3.726175984600721
7857,6599,3.8052431852327877
8509,27,4.2748672651414115
1245,3564,3.9771902680259106
4919,1735,3.7998936801678207
3622,26,3.2728215554071993
10258,5558,3.7714382519080276
10975,25,4.161006457506048
11631,150,4.155595251116673
9817,5792,3.7477828804476783
101,1228,3.6750248342843292
5337,6590,3.8941659116298486
7399,8072,3.668766137420329
10599,3419,3.4838120440674105
2580,7084,4.157634346643772
3283,1373,4.118260888146713
5902,8195,3.6373673467575283
10666,143,3.698833899691076
105,1354,3.9218001327199827
105,7922,4.218257136068671
3387,7374,3.805020330264458
5991,2646,3.6020009439362815
7931,523,3.8003377838908055
11721,286,3.337771102455544
6224,3666,3.6152964785860404
8695,2028,3.6587939551161273
323,638,3.7947283503595615
775,497,3.874375203035134
1458,165,3.7912677996715605
5390,552,3.9998392467871082
5764,8,3.141909244196006
6628,7929,3.8054913322676622
10397,2965,3.539996857861911
3010,773,3.168257935798499
8949,8297,3.579259639016395
3008,44,3.790782396863572
7553,1135,4.09772227229223
2448,637,3.6883672548746227
2740,7472,3.711395013683023
8772,8166,3.7554293664829705
1324,8121,3.941430754702721
2531,54,4.203728847009048
5780,3510,3.506202026973965
6634,1503,3.9075239751553204
7528,9119,3.6550217245916596
8216,7116,3.535603089759508
2997,2735,3.7858481250909892
6013,1383,3.7385980013967925
6617,3178,3.670862193158876
7619,2579,3.5218881992847573
7899,2529,3.7745422907434514
9428,7917,3.4910773583494508
11115,5226,3.7219842597817543
228,1943,3.9351528549006245
3671,663,3.909936082279301
6355,5342,3.885089238641991
10645,445,4.086094675127723
11985,4154,3.8892197507361814
2757,4045,3.8558705355129264
3285,2166,4.128285124627068
313,7363,3.9936669900142086
2681,5570,3.7123390065411637
9144,4791,3.909362229968696
619,2971,3.5775884947948713
3741,6233,3.8586048356762097
7791,733,3.542659884650059
4410,138,4.0229045631391225
4655,291,3.881038531759306
8640,5313,3.8352370728186678
11853,6901,3.5599969758215724
182,1384,3.3963547765001163
865,4216,3.7608326298771275
1877,2776,3.782217474774084
6694,6458,3.667033029912157
9856,5610,3.8091493887561048
6812,4559,4.0040885261073855
7914,1898,4.149668806523056
8557,22,4.119097725465985
10885,414,3.261943056407544
4176,1681,4.098574636189442
5705,867,4.009618040466529
8955,4815,3.5101928109762683
11212,113,3.2949360721967555
3460,5702,3.6741658634176804
7761,8449,3.6174631819972842
4663,916,4.058732692745401
6446,318,3.769319875982455
7092,958,3.850277119517328
4961,3546,3.6566970260297107
12040,8558,3.696121044569549
3779,1837,3.658920557238605
6257,3679,3.569430390634627
10285,4180,3.8802901974790562
10452,4515,3.6898038182302977
4569,2772,3.757591404529416
5007,155,4.183399964986543
7776,4371,3.6143364786018206
9718,1450,4.068616910546722
516,4859,4.0620786724081
674,790,3.619451253026534
983,4118,3.478899399231982
9271,3200,3.6299098977349424
9953,4484,3.922870598378643
2521,1748,3.7315684689920006
6390,4971,3.580391699890536
7780,183,4.381683998424446
8643,5421,3.7137093191867487
11902,84,4.2833705371781114
625,264,3.6339438511213067
6080,1558,3.751213888009005
9637,4497,3.7083183603195184
2541,6819,3.545812810152069
5257,6,3.9225710104879608
5745,5307,3.596217692629371
10716,299,2.1069475430166986
2303,2074,3.8747890325936845
11433,4529,3.7647835866352866
1052,6321,3.9889210613794397
257,726,2.747209815848854
4247,7742,3.6653039978769297
9206,19,3.1684060410109525
9975,7714,3.8854157639671913
11956,2419,3.948475148559405
8229,361,3.75036241384006
2145,190,3.962524214664024
2572,108,3.014452423654379
3401,133,4.165684492937269
11656,361,3.851733567170434
5336,5137,3.7238839111239046
5785,4016,3.873496367329695
11032,3567,3.7181744913841106
6459,5328,3.6344072786983808
7490,7,4.101260145613748
9634,8765,3.7109969019849394
2782,1931,4.239402800533387
3431,100,3.5692223723782677
6038,1190,3.5401787837424585
7945,615,3.871270583694323
10074,6551,3.706611586744894
143,4302,3.529165479462504
11175,8769,3.9682126834095905
2654,1669,3.4481536030900073
5758,1670,3.9584288612276493
6595,6374,3.718764958456927
11778,1723,3.5836357034510984
2534,529,3.9284453796365675
3564,1952,3.089050433991584
187,7838,3.628209947405539
1067,2644,3.871795680563584
2761,8621,3.7578049307463264
4645,551,3.0166701493086254
6896,1915,4.004393903135699
11905,4561,3.427579148802563
817,837,3.5096098906860687
1446,81,3.472380050756613
4517,927,3.85016345456647
7258,343,4.32467854684456
10502,26,3.3988944707961024
61,8155,4.098115944609271
5966,1993,3.887544955266804
6447,308,4.334041773343153
9706,4898,3.6323023533263274
10186,906,4.162386583119841
732,7009,2.725000051565105
3946,1046,3.6601735187452866
10187,4548,3.6751073443347986
10898,4479,3.67201148098847
3882,7064,3.9581104343725975
5717,1721,3.9669193244003402
7257,2357,3.7285538051812757
9514,6191,3.4441238248263386
2222,82,4.3676980253082585
2640,8022,3.7515271029290638
6384,1116,3.74897178292141
8357,4480,3.8149153130986915
9200,499,2.9549486091021078
12183,419,3.5305508243804913
2242,58,4.554682342266586
2576,6413,3.8936635861005713
5251,4642,3.634025519818783
6157,1193,4.090276517312809
3079,1065,3.8902684945979162
6241,6665,3.8587307087195453
7537,773,3.199509933252716
3513,3613,3.8034722049011633
7578,333,3.2500840491857566
10221,521,3.880725599767683
11222,1470,3.820807767612253
12102,7314,3.703685908290114
265,98,4.023119399734709
11576,754,3.682654550211695
3007,8034,3.7663659957642124
3577,531,4.064484773120062
7443,5246,3.506936528257805
9885,94,4.3762292467387445
10798,7022,3.6881102677251096
11120,7934,3.8916614189403784
2767,109,3.161243256261068
4045,5803,3.6732526286083163
7419,474,3.4294417000725907
8324,2147,3.6789734784881776
6443,1272,4.140165125935737
8662,8223,3.707429862922428
5614,8456,3.7077661803147755
7397,6301,3.983654418723724
8215,9053,3.8286895080634364
9745,689,3.8066674704476475
10993,832,3.893652617780857
212,859,3.3365885997146005
8143,288,4.1113533497510275
1754,3113,3.6022073576240285
2502,103,4.1952140981786465
5416,30,4.433456469319809
5920,423,3.708919694741173
7757,1352,3.740345427594565
11336,1175,3.9953521371351437
3459,5092,3.3457911435235066
7869,1782,3.7992473153205766
8464,3463,3.9473172969828254
563,2442,4.512599645954756
2878,1371,2.84227583775869
3241,8288,3.6726089841385248
4184,4875,3.8313768832630646
9447,4882,3.914370954779022
12135,3003,3.6764026260685783
10134,5819,3.6534315855483506
12026,7987,3.865696892125877
5961,1313,3.605856143293709
7255,8184,3.593238741777025
8929,7936,3.5164839548715157
5831,72,3.4928791411888045
11030,722,3.281253571613729
4875,736,3.331913122721684
7276,1217,3.6103169120301506
7480,7898,3.573210332734788
8867,2760,3.72097542123355
10010,2771,3.703693990448073
2540,2360,3.975738857242873
3199,3934,3.9316761321414226
4355,2302,3.763321072173419
6305,2034,4.413278069587002
8174,5479,3.5602967994051964
9051,1355,4.202118277791829
5051,126,4.051874339155501
5727,1857,3.562366874798508
6973,3788,3.6900486341755694
8457,8434,3.9567758599780456
2990,5422,3.751159204064361
8687,9147,3.7329860405263946
1269,398,4.140225149162498
5262,3142,3.748928528546483
6283,3307,3.616732576528248
10098,5872,3.6064846289354384
2902,1817,3.664250840320271
5114,3085,3.9040508554041495
951,1333,3.1479511975364582
7977,4117,3.639997709810387
9690,501,4.401804906429838
11775,474,3.670727906155946
5507,7481,3.692116089881295
11888,6353,3.5932208065080387
7451,7959,3.8714261452304695
9273,9137,3.8185225089175527
10868,7172,3.578750585847262
60,2018,3.3090331069029038
4386,2497,3.72043922233094
11177,5603,3.3944212147743715
390,7989,4.254933161151455
4700,6360,3.777446296366179
9970,5186,3.868632411057604
2032,4687,3.9120972187470255
10906,56,4.113416208392994
11690,12,3.7832572197648977
558,181,4.666405070718855
1100,6552,3.955067762405689
8665,3112,3.7468090758841215
9481,799,3.2794756312449906
11643,415,3.8109680087228717
11971,7296,3.76640483979347
1683,9146,3.809018955464111
4532,6705,3.5869121975647134
8243,1109,3.0642936433540955
9924,8899,3.736623852394722
10819,1178,4.286717554642475
615,126,3.8317813463950827
2827,1261,4.1672974513763315
6452,1108,3.5170659658393375
8586,8248,3.683184665921709
10534,1689,3.629301019152904
1966,341,4.069231114459502
4498,716,3.758453772081166
5102,4138,3.7167913113335214
5715,590,3.5125649622776547
9120,1828,3.9834296281330337
10892,5674,3.518266501974305
11777,3353,3.7854246344866445
336,2005,3.6323698664700186
336,5491,3.6614429377056057
4479,62,4.281941236544552
5481,2485,3.991887414036081
6923,7550,3.6162184314328547
5028,6161,3.5096015194065133
6430,2584,3.730829565589974
10994,2115,3.6845231157530196
12182,897,4.126992709497496
1664,929,4.333579766923556
3273,3378,3.7481183408801018
6313,6107,3.791491357511026
9957,5072,3.9055139540362322
6265,5487,3.95116848174531
10568,8983,3.8980732795702187
2264,6128,3.606610205556956
6212,6772,3.7918423825187726
7867,5500,3.5633631185544643
8710,8963,3.4703645840849338
503,1463,4.190742480004093
3000,5851,3.9478230640913985
8191,1966,4.129844629883869
3571,2606,4.090118270055766
8004,4201,3.7487280563918546
4272,673,4.126235366501511
6993,8605,3.8921618947035737
9229,1785,3.5637906545661435
10641,70,3.077966969345357
12116,239,3.2694409128885122
601,231,3.3017763971726066
5965,5339,4.126994941623125
931,1571,4.376975650719734
3918,402,3.494625620310101
8928,617,3.913806324479833
11865,111,3.7758301057039665
4555,7037,3.8524158483756428
6755,4927,3.8862303324148115
7779,199,3.913060310239284
11365,4492,3.6754998501617
3910,1553,4.3305693162480905
7672,2570,3.677137530119081
11362,1728,4.131054376981205
347,5612,3.5922488627004863
3795,123,4.468354629093675
7360,603,4.087704306200484
8178,7029,3.952808016441966
173,5548,3.0815606954680757
6378,7253,3.7639286350286145
7811,1458,3.483078726228683
9735,7213,3.5021851108297675
2334,3957,3.733810358493176
3411,3367,3.943263701924841
7556,661,3.727200074809776
9478,2110,3.9800760544978733
5154,6706,3.7264776533885637
6306,239,3.5238870822761315
6877,2279,3.5577478344924476
8144,8948,3.822157644881253
8795,8856,3.7684469269156273
9415,6521,3.9307529044108436
3339,1350,3.895313144516082
4544,1070,3.83469737257857
6145,1105,3.7768840164896145
8753,154,4.346925995204165
11860,75,3.964903133909993
2005,133,4.270877160171975
10051,280,4.385526781380648
3350,3812,3.658703320559038
5596,8510,3.807422143375838
1399,8123,3.5979442510200363
8251,3729,3.4307263758213136
1867,3686,3.735367817127174
3226,763,4.253203996899922
6485,6351,3.5914521147267435
8608,605,3.8528052793770873
10973,265,3.5699993440445073
11691,1806,3.0242844847960297
2850,277,3.2152922876822463
3327,4466,3.5982504040860057
10286,1682,3.7805029088044004
8779,5325,4.000722183678957
3418,5213,3.872196628693916
11208,5866,3.9391281062559047
422,4668,4.176551400233644
3730,254,2.936096966134721
8907,2218,3.770364999084034
9524,503,3.4525342182793763
960,8677,3.604957253970056
1968,7789,3.7053948096845013
2973,4103,3.5411277861204957
5914,7055,3.8230376923119085
6767,216,3.787213575062393
8631,1753,3.9676745350353033
10027,272,4.2131343532426095
11569,3556,3.7514911191200695
1865,4425,3.8334964742504725
5087,8244,3.638096814121387
5878,8268,3.7084275556695987
7363,6199,3.8627396158047693
8715,5557,3.741884767032346
3159,1703,4.291511722607101
5841,43,3.4491367306874148
5894,3215,3.899843600136837
454,4368,3.900956877326834
3584,1240,3.8552728272392645
8014,5864,3.860635941552222
8708,6184,3.725477758343315
322,7612,3.5689140453766233
6977,56,4.267668674070033
7324,6442,3.8117015031241612
9938,1184,3.1059989467228504
11452,1310,3.869391043494047
7584,7587,3.6755545193246393
8020,1708,3.974195480550165
4792,429,4.495442608211902
8952,7272,3.70820263201731
11095,365,4.171545288177061
3776,573,3.818885152235082
4050,6455,3.965060260881038
6691,1411,3.78877067880013
8569,1689,3.53852508643087
9286,7467,3.7624336994091525
1730,3677,3.8293290109057523
7241,7870,3.891697187440616
9947,4639,3.718470849359345
10956,182,4.29959012535602
1368,691,4.016733878353235
9307,26,3.5656150062170964
1759,3018,3.8739786692678955
2879,964,3.8841184890089675
6502,403,4.305642454645644
4759,934,3.8432440920619846
10207,1470,3.581913263087543
9929,6198,3.9773221723793175
12079,6793,3.636795532615985
3570,2001,3.3888532844643136
11148,2714,3.8511028834990984
11276,60,3.4902607517168187
12242,1364,3.902337794300406
742,72,2.9583356606053
4574,577,4.324304043343282
5122,6112,3.6191681129177034
8914,393,4.397266056817347
279,3709,3.4492338879088282
5276,5705,3.630479054120569
10658,889,3.7940962184389893
3704,5015,3.7974876728079354
9928,5492,3.6001887181193903
8338,701,4.257108234726405
1318,6510,3.9563282950222307
3763,1635,3.9046025140178515
4640,9029,3.598405855019183
1373,758,3.725143928319062
2662,4421,3.579467205570017
8240,7453,4.125562178524817
9729,1971,3.594738679479362
1938,422,3.457221345478371
3377,8441,3.8886582020957436
2522,2186,3.7187520038220607
2828,7,4.285246026158001
8763,2035,3.9783138609467694
10681,3714,3.537851474532693
178,1547,3.714831322349263
8311,6151,3.8279447422923614
1955,25,3.6306579261621454
655,498,4.304603519813239
655,320,3.684192107769514
5824,3102,3.4542614208485767
11522,7551,3.544238078140313
6226,7115,3.756056490241265
10417,1024,4.080486603711987
1706,42,3.7430031279207006
5352,2097,4.11603199179795
9373,411,4.16404052412486
11297,4027,3.7119350796193222
12220,538,3.7435180436058983
12082,3967,3.856544270508609
1179,495,4.2750872678098055
2445,1970,3.326615098416967
10471,6103,3.655388207075383
6644,1737,3.7674259046031913
7676,3712,3.614473008335783
7996,5916,3.6200174897612274
10705,6777,3.712816035217564
11188,6363,3.9870889553960964
11579,8885,3.9383158086299783
3901,3035,3.759254556468752
7665,4337,3.8679306805871794
793,4637,3.385390909968588
2982,2978,3.6932837081789094
4628,1876,3.9211347630293836
5089,1863,4.0970389750358125
6519,3464,3.921264978175802
8856,3283,3.961718939080802
9722,526,3.953988788351533
10312,8128,3.7281952986981413
3054,6987,3.841977137659461
7590,258,2.9718639850058657
11037,2078,3.544048246554106
2298,3397,3.3453715842828595
4527,2945,3.49998624606874
10984,2,4.094064318166727
11650,962,4.355843036197524
1836,315,3.9902389841500896
4242,8651,3.6096648065123795
8058,6569,3.85177594971002
10371,1735,3.841054301170675
11615,6859,3.8471436416718476
3120,1893,4.137994999300104
7168,4943,3.936243616296117
7806,310,4.068321358894777
8275,6328,3.8743389885622004
8681,7931,3.664762462990933
11852,1071,4.353216092423997
1933,3279,3.7524893114059843
4657,9145,3.6591329892650135
5169,7495,3.961333967854214
6174,1599,3.952859380050192
6897,2791,3.6146459582739023
11340,564,4.0740004654857325
12032,1541,4.144496219198972
1928,205,4.099725941873653
2758,8064,3.758630465167835
7464,4080,3.7653833315631102
11864,800,4.119215434765614
2673,8452,3.7332696657414153
7787,63,3.403350233469395
8893,78,3.8183364256012005
10410,3607,3.8195892297934857
2110,5193,3.795303862947265
3331,4718,3.8066075020292893
5671,2850,3.7457397622326924
7586,57,3.3829710393129377
5970,2352,3.585409865705809
7493,153,3.3414578283033007
7743,3971,3.971564092047845
690,761,3.608099470654131
2838,2751,3.6161870696045404
5846,1458,3.5605654729453486
6991,815,4.012573591936279
7833,6822,3.627381628040056
10679,2982,3.7911365039876
11380,7964,3.6944562290693415
9222,6279,3.860467397236429
10689,4749,3.731643630798077
1119,1291,3.959048845884342
3386,38,3.1867770263411335
6753,180,3.886897825156535
10841,51,4.164518997742802
297,120,4.139836961221252
2355,8675,3.7715929412033447
2928,36,4.397136168621344
5722,13,3.697214554327584
5226,4960,3.631931412807315
9551,1424,4.010252261999234
10132,5787,4.161043789374749
10522,5991,3.8112285974736846
1231,5976,3.895991644860103
6168,98,4.004712095784611
8218,6244,3.480293135979894
4820,329,4.206010727559106
6803,191,3.4490827395525843
6632,975,3.782679728823904
4020,169,4.551826204493202
4651,36,4.165911965078668
8288,5,4.104580021856222
6042,128,3.351255569696509
9003,330,4.349594258480725
3261,195,4.1098136092179764
1845,2139,3.8644516916720875
9653,233,3.55352251259833
10127,224,4.091053162874608
6700,812,4.0478720786397515
8290,3524,3.733481895960117
11092,5420,3.6883707513474735
5703,3762,3.7470291544630836
8396,2381,3.668432487734568
9355,77,4.23762154519333
9445,7000,3.5829622643628944
1852,7347,3.597910250665652
3461,9039,4.158120330406821
2467,1082,3.7369154321590066
8482,1901,3.933113190491555
1875,6008,3.7788470317776963
2811,8362,3.720244602245374
9559,7710,3.8623080384925457
10135,4158,3.841039927415514
3937,2668,3.738777620497688
11201,2619,3.8875058088857326
7673,2,4.14972880422772
10957,3341,3.848457582506957
11484,7035,3.9049396429234857
12201,5724,3.8101680799169455
1571,1453,3.8120096987755727
6793,2274,3.99110840061559
10765,1809,3.9957095025577223
12233,504,4.1987003072188624
1537,7865,3.7151929737372646
4744,7559,3.752525590291993
5368,8974,3.5663725995218893
11174,5835,3.746139843360979
11818,8961,4.117148710340419
4821,8936,3.5960149793996026
6109,5867,3.7931927398360754
7171,5992,3.8095877686214927
7894,1899,4.159288096797473
8829,198,3.9509660601626186
10779,9030,3.8098510235367526
1274,176,3.862191434859118
5011,23,2.3970315460970557
9443,1397,2.945149850573401
11521,8676,3.7495669504549576
2137,90,3.789592544285373
4767,7788,3.7425084541056512
9384,49,3.8433887284714583
711,206,3.69528837858783
3390,7703,3.716295717409585
6521,475,3.8284461979783013
7794,2727,3.6699579196793057
9895,3622,3.7182831995417622
3716,4800,3.5882147797275117
4253,8165,3.813001048619555
9630,374,4.10194752555568
7484,1759,3.7136817939671403
8250,4554,3.6420408994870033
11762,205,4.1742478394510885
11747,2868,3.5215498294380003
9536,5825,3.680492097010803
11935,2144,3.8755503760071037
3766,7691,3.833238989606707
6178,1494,4.243406287601205
11772,6210,3.788979423008464
164,5613,4.063563917075907
5510,14,3.787967432264665
6707,5715,3.8728837756279533
7911,3638,3.8020057071994597
11846,6206,3.7637392970801438
5791,1268,3.3829217569681753
1822,8321,3.8892164686405546
10810,2260,3.951839953004968
6403,2525,3.751765407101282
7922,6818,3.790276022995931
8824,1407,4.147792957834107
9988,7148,3.940715048882751
6834,3625,3.677241183646153
9771,234,3.7305018015232436
12099,254,3.2045429787924142
2832,452,3.4077232246933957
8303,3226,3.69463255130179
12266,4163,3.9808706659694733
6308,3175,3.7272466394886776
8941,4902,3.7309999007715713
1741,1140,3.584164761890591
6364,6718,3.8376369761124742
1868,8005,3.7042079157174497
7075,1054,4.262779557106966
2626,1197,3.433490917175189
4859,17,3.398332296454252
9458,224,4.129638324257488
11892,4503,3.7206970370638888
317,8389,3.7370009661912427
1019,5904,3.6211811542663987
5782,5273,3.6877267474965225
10090,5582,3.727780976190888
12027,8871,3.9254872575795545
1716,242,4.039813349260463
3662,5321,3.88478501679323
6938,644,3.3142570663075785
10400,8586,3.71007217095755
10767,25,4.020572094053763
1630,170,4.093110402775756
3596,76,3.741338916944431
5504,4236,3.999812324915259
11882,8010,3.897182546025356
6523,4707,3.8173923371461824
8957,1595,3.8779413979540016
9550,1361,4.024709377915659
3617,7143,4.075590927724058
7237,6134,3.6219260223302996
12035,655,4.383142375684089
643,218,3.6002341624223284
892,16,3.1193505933781385
1478,2361,3.9286383964775697
1578,22,3.905386098210297
2773,6019,3.9004804581456853
4469,2133,3.7923377034056713
5292,7033,3.714630670031076
10049,4505,3.801272724368964
12330,2295,3.831014538563298
8983,3710,4.013913103027914
2629,5653,3.9900453194669847
6451,5251,3.8092679066079858
7207,5682,3.3409059860369528
10445,2956,3.899263705687772
3525,1793,4.153991424242552
4421,1360,3.701753324627506
11458,1624,3.4223763368968476
2425,4619,3.6948643714277627
3920,7716,3.686129698293285
5219,1789,3.791101990571694
9631,3743,4.011601221335957
10521,4893,3.8800164170223748
2892,5903,3.8928388706932315
5621,8721,3.842236670392373
8346,1078,3.8331393565511527
5926,2925,3.8842893976118336
4943,4008,3.632349643375689
726,4432,4.16536319728313
4692,2010,3.874383722385663
8102,786,3.324151866084246
7239,5275,3.9075100654999804
2701,3575,3.5839193067123785
3658,201,3.803977046646305
4698,4851,3.8745352654427374
11874,3486,3.7624594035348706
1251,4824,3.3305022145572414
6035,707,3.2465845593203526
5899,1955,3.3962653288401627
7454,828,3.5333676873103506
9134,638,3.8614646053614
1113,8747,3.7064800325177436
2389,1994,3.2915460126162004
5347,5062,3.9090657954835506
874,3457,3.8269008830413305
2486,3866,3.8024870673112976
5503,1813,4.039010716634885
8291,317,3.253270175968397
1479,602,4.340678347982275
7342,119,4.180278328732863
8577,305,3.0788625558495966
8962,581,3.80291771137997
1096,7553,3.807802512754053
2062,2372,3.62742064066697
6879,3040,3.6667334069487225
9275,5086,3.7019817570518967
10706,2322,3.5648147340721774
2051,717,3.953385525323628
4066,5017,3.6568954994585843
6585,6012,3.8228252419850084
8366,16,2.906715573543163
11840,4109,3.655202261879465
4376,4726,3.822470317812341
12029,209,3.4489011887171652
1111,1808,3.8971077994106897
2165,7263,3.675252021874526
584,7994,3.9563388246844213
6875,3404,3.7006345258924234
1447,1449,4.098612772687974
2049,4658,3.896783058856111
2780,1880,3.582140410055552
8108,8051,3.922378452433741
1526,3634,3.8754962463143667
3090,1607,3.844956670833306
4887,1076,3.415163830771282
6512,8413,3.710314634651519
2762,6411,3.7705135426909844
8540,3568,3.845234972864233
10218,1116,3.8061300976324297
2948,3901,3.794194202462315
2645,2230,3.6675741980395453
4156,113,3.0826000443606874
4611,34,3.456139631931256
5587,2899,3.632568329561394
6432,407,3.7754515732734366
11515,776,4.159777862299083
12288,45,4.121677746568757
8976,2704,3.979147121416347
11151,1828,3.991945161470026
1723,5402,3.719034506337631
11756,268,4.2220910773200355
12273,346,3.8762185941862475
467,4096,2.8158487087661275
1304,1262,3.0888294041285165
3718,80,3.6965239217848302
10456,21,3.805453867556675
2743,6548,3.9286723732773603
4315,1254,4.135927806888443
7479,5112,3.9443614115247034
8177,7512,4.0001071974192435
8550,7483,3.7389178806926555
9042,371,4.7025282133363575
3587,5630,3.671985084010748
4808,333,3.1800228389028047
10828,1043,2.726752986237262
3478,2253,3.6319483862369957
10427,8942,3.7692646341884144
11740,208,4.464387307628735
6150,2898,3.890317550317832
8225,6265,3.829583774296972
11338,49,3.7711005699926416
2727,1154,3.771398753356711
6692,332,3.2422092584471116
8908,1143,3.945162128954947
9712,4384,3.72285686994152
2235,7160,3.6799216157519226
7462,48,4.654370507300916
8307,1092,4.119511560352694
9965,8258,3.61757498784633
3797,6606,3.760321453592829
6307,6404,3.7575431422792187
9827,3616,3.8559760167364003
11350,6213,3.7365523158793423
1596,5861,3.721917427386439
2315,999,4.261846622562646
2663,3689,3.834086751459599
8426,2024,3.732469828019461
1548,6618,3.633452040168596
5152,252,4.239353047802823
6100,2009,4.043267202686623
7924,4572,3.8234670526549177
5264,71,4.080165427971467
5983,6166,3.917564305282857
10306,2631,3.753847610166417
936,3832,3.950113575803643
3909,1061,4.112917172151969
4843,7114,3.856761650138641
10883,7192,3.764296955047095
3601,1508,3.9076091855991457
5280,3400,3.806014137472463
7066,523,3.802929561076642
7896,8175,3.872160935960383
3934,1937,3.650748997898952
9000,885,4.086001213909264
10550,94,4.262133900461208
11150,4161,3.7493944455825803
12168,6983,3.752142942733493
4232,250,3.692791961517083
4741,15,2.590839347806474
5406,76,3.513083652282626
5834,8012,3.684566471162609
9931,3900,4.096736400157293
11185,2255,3.845216540611836
1103,2232,3.8417106637136773
7315,629,3.605360985434481
10063,2405,3.874489874178703
11829,2115,3.4287861345891453
4584,15,2.7145187343138946
10655,106,3.384359300182433
2714,282,4.48017198512446
1625,19,3.1856435380612855
5731,991,3.8256806244380734
6581,1691,4.158804543115645
8270,3345,3.5310399795197753
3152,1347,3.7831757025697024
7206,81,3.6571484195288533
8458,5217,3.6374454832690324
11218,177,3.601840658895297
2068,8575,3.9346647299613067
6478,41,4.358198548732419
7334,640,4.437511228574387
10596,632,4.414907460883513
7069,7752,3.720870212064859
11470,9064,3.752752935168772
11810,97,4.51783604568127
5719,1934,4.157481292406118
7747,1556,3.8134599322770732
9314,4514,3.770319204287859
2974,4811,3.492570463548977
7467,4441,3.840088304184692
9831,1648,3.6207350419650397
11282,8593,3.880397910084013
11611,356,4.366603201133208
2561,372,3.4885075121979034
2754,84,3.8798881718241627
11209,693,3.7468478184966916
3340,8084,3.5402061104588594
4756,639,3.927821808133385
6696,8695,3.776347879046721
7256,18,4.546275900777999
3136,3459,3.8147490121587553
4311,3007,3.68843325817748
11764,2632,3.6984293200817837
974,828,3.7790998361866506
2249,27,4.13204492739824
7307,4805,3.699456760441796
3492,15,2.7283675852901808
5814,1382,3.8357839939510154
7622,21,3.755998931085916
9987,1117,3.9855179838297494
5750,5980,3.6589935036687953
6932,5845,3.867456416955049
8158,5527,3.579080550452225
5684,7,4.273674257278471
7071,1790,2.7732734392532024
11587,1693,2.938105656545353
1102,136,3.3470587064298325
2177,2139,4.033681328383512
9004,5076,3.9164134495758103
9932,2006,2.8904156330053445
11851,5688,3.6227027560699927
4197,6661,3.961385248699303
9859,5403,3.7089339179348437
10654,638,3.986445583633432
12028,114,3.905309134089225
4530,192,3.6050377375044453
6001,6194,3.900358705639794
6706,8436,4.019068220048395
9288,6136,3.5195338321580567
2752,1095,3.6251036563962487
3981,301,4.1535316375245825
6461,6414,3.710930733354445
9304,7154,3.804547557734621
9197,230,3.6665740805114124
3949,13,3.3398673159437013
4974,3958,3.674472781153921
3072,2469,3.6822776640941
4819,2445,3.7666890362903622
8808,488,4.28362644904601
11751,1905,4.076282698562456
1460,5552,3.627149162497973
8192,4435,3.739490438225766
11668,8332,3.872776826331808
12133,319,3.8378595749794244
1199,1214,3.309503453635252
9534,6369,3.643404708605969
3762,6022,3.873951996410962
6262,3364,3.668256102704052
11167,950,3.2799647363868534
6828,3703,3.909490889681119
2961,8096,3.8322826079441494
4609,26,3.334776886501706
9303,9155,3.7808208580816585
963,110,4.379291812482253
2131,6196,3.8434456805504955
3868,1964,4.16812052600687
10792,4785,3.966777115796155
11519,3006,3.8437285593381834
