1198,7677,1.0
2573,2657,1.0
3903,6238,1.0
4587,1710,1.0
6049,4397,1.0
299,2093,1.0
9453,13,1.0
383,680,1.0
2825,7906,1.0
7837,3355,1.0
8839,7860,1.0
50,304,1.0
7065,1012,1.0
7697,28,1.0
9574,499,1.0
549,913,1.0
3252,1431,1.0
5478,127,1.0
2753,261,1.0
5172,4873,1.0
9431,647,1.0
12240,3643,1.0
230,8902,1.0
1451,821,1.0
5930,715,1.0
679,760,1.0
4838,5617,1.0
6559,2533,1.0
12256,493,1.0
65,8873,1.0
4704,2578,1.0
8910,493,1.0
72,7630,1.0
1013,3,1.0
1527,5090,1.0
271,6013,1.0
5974,438,1.0
79,3715,1.0
2647,7140,1.0
5923,3125,1.0
6579,1217,1.0
9118,2652,1.0
913,5809,1.0
5233,372,1.0
6954,197,1.0
8080,1392,1.0
9238,7159,1.0
48,5877,1.0
3179,3483,1.0
3556,2052,1.0
10761,5871,1.0
2166,993,1.0
5373,2402,1.0
11657,2834,1.0
11939,1050,1.0
355,5199,1.0
4949,4334,1.0
7661,6468,1.0
12214,1308,1.0
171,5848,1.0
3150,2524,1.0
9946,2934,1.0
10442,4142,1.0
11428,25,1.0
284,1160,1.0
425,1060,1.0
1254,2983,1.0
7403,1946,1.0
9710,5898,1.0
11509,801,1.0
4226,4699,1.0
9667,6439,1.0
11074,2161,1.0
969,1205,1.0
4888,2306,1.0
2148,412,1.0
2591,864,1.0
5650,7702,1.0
8832,1341,1.0
2183,4386,1.0
5023,1850,1.0
8757,3177,1.0
10201,1000,1.0
12252,53,1.0
1760,3761,1.0
6344,1967,1.0
149,5929,1.0
9147,7479,1.0
10607,8665,1.0
260,511,1.0
532,1,1.0
1913,7421,1.0
7354,8809,1.0
8597,5855,1.0
310,1377,1.0
10412,23,1.0
11541,3706,1.0
73,4737,1.0
73,7049,1.0
304,9101,1.0
4602,7975,1.0
1311,4455,1.0
2307,5507,1.0
6548,1290,1.0
3589,2844,1.0
7133,7101,1.0
9595,2283,1.0
12063,3785,1.0
205,377,1.0
6530,1161,1.0
9728,3904,1.0
777,4481,1.0
1757,3612,1.0
5123,131,1.0
6176,4002,1.0
9167,3897,1.0
3684,1847,1.0
11679,2677,1.0
860,2472,1.0
1766,677,1.0
2387,8920,1.0
3871,8500,1.0
9940,7436,1.0
10487,1510,1.0
12025,2506,1.0
2693,4895,1.0
3749,1224,1.0
4945,3,1.0
6535,5537,1.0
7978,2573,1.0
10630,1751,1.0
411,4,1.0
926,1851,1.0
1591,3619,1.0
8261,8046,1.0
9744,326,1.0
1987,3515,1.0
2442,579,1.0
2818,7288,1.0
6116,701,1.0
8037,1483,1.0
8926,349,1.0
12048,23,1.0
128,5119,1.0
362,6871,1.0
1476,2616,1.0
4129,442,1.0
8011,6585,1.0
9908,1736,1.0
2927,9049,1.0
9423,139,1.0
11312,72,1.0
589,19,1.0
3739,9022,1.0
70,4555,1.0
460,1907,1.0
2940,5163,1.0
8516,4539,1.0
10665,1015,1.0
765,36,1.0
5013,31,1.0
5887,66,1.0
6721,1815,1.0
7644,1177,1.0
11088,7399,1.0
206,7254,1.0
683,3084,1.0
2038,3702,1.0
7588,1216,1.0
9848,7927,1.0
2566,933,1.0
11995,7124,1.0
74,3795,1.0
349,4556,1.0
705,948,1.0
8641,2111,1.0
11518,6313,1.0
12283,6397,1.0
3032,2189,1.0
5895,1305,1.0
6824,8293,1.0
2616,1823,1.0
7829,230,1.0
9606,8256,1.0
2745,6120,1.0
6277,758,1.0
7820,3023,1.0
6106,1616,1.0
8505,5031,1.0
11332,7165,1.0
5091,747,1.0
7336,44,1.0
11411,817,1.0
11585,11,1.0
4591,2875,1.0
8151,838,1.0
9532,1794,1.0
137,8360,1.0
1895,4866,1.0
6052,2473,1.0
11214,445,1.0
746,1241,1.0
2967,741,1.0
8053,1879,1.0
90,1878,1.0
90,2248,1.0
155,3560,1.0
155,802,1.0
407,385,1.0
4338,210,1.0
6676,4365,1.0
9446,40,1.0
9780,6536,1.0
12208,6489,1.0
350,2866,1.0
1841,8490,1.0
8340,270,1.0
11239,5183,1.0
233,3855,1.0
4313,35,1.0
5255,3311,1.0
6492,7036,1.0
9793,9,1.0
348,6754,1.0
1607,6588,1.0
4695,7408,1.0
7224,1303,1.0
7487,354,1.0
8448,6432,1.0
8700,6431,1.0
10002,4020,1.0
635,1219,1.0
1009,8057,1.0
6629,3495,1.0
7994,1837,1.0
8764,6634,1.0
11901,4631,1.0
188,226,1.0
964,3185,1.0
2000,4564,1.0
2622,77,1.0
8931,272,1.0
11709,5133,1.0
2204,8838,1.0
8811,790,1.0
4101,70,1.0
5143,1696,1.0
7995,1276,1.0
747,3332,1.0
747,693,1.0
1885,5165,1.0
4682,7851,1.0
7285,1204,1.0
9344,5432,1.0
10734,3408,1.0
844,1341,1.0
3107,642,1.0
4815,528,1.0
96,3237,1.0
583,1773,1.0
716,9,1.0
2786,4223,1.0
3553,2864,1.0
10881,7235,1.0
11134,588,1.0
11496,3131,1.0
99,8365,1.0
3374,987,1.0
5879,7869,1.0
8809,8176,1.0
9707,7333,1.0
76,3928,1.0
739,4876,1.0
1343,15,1.0
2950,5174,1.0
87,1389,1.0
917,5728,1.0
9195,0,1.0
10273,631,1.0
11225,8373,1.0
6972,1395,1.0
285,774,1.0
4044,156,1.0
4665,5078,1.0
5675,228,1.0
376,4169,1.0
5443,373,1.0
880,1717,1.0
1937,6169,1.0
6139,2638,1.0
8363,1440,1.0
9638,4537,1.0
11628,5241,1.0
394,825,1.0
8501,62,1.0
9230,751,1.0
10386,1086,1.0
11442,569,1.0
4673,2463,1.0
6805,2133,1.0
10095,7746,1.0
11595,836,1.0
3682,1414,1.0
7367,5943,1.0
942,47,1.0
5228,5164,1.0
12161,3,1.0
1097,3196,1.0
3176,935,1.0
6040,8631,1.0
592,6,1.0
2034,1147,1.0
6053,8408,1.0
7113,8928,1.0
9394,1391,1.0
169,1065,1.0
7161,1010,1.0
10677,4736,1.0
11696,9073,1.0
412,6682,1.0
4576,5408,1.0
7635,1666,1.0
9579,27,1.0
10138,8670,1.0
11757,7202,1.0
1252,5749,1.0
5946,1331,1.0
11916,937,1.0
69,2377,1.0
381,681,1.0
381,2815,1.0
2281,6851,1.0
5757,4213,1.0
8439,8990,1.0
480,134,1.0
1029,8427,1.0
2379,1918,1.0
6809,2878,1.0
8783,20,1.0
9887,6141,1.0
83,4280,1.0
3961,1487,1.0
6195,2210,1.0
598,7784,1.0
1874,8815,1.0
2537,2217,1.0
8801,331,1.0
192,1928,1.0
1637,2201,1.0
4979,5534,1.0
11275,1949,1.0
2072,2089,1.0
4414,6737,1.0
8916,6743,1.0
639,6223,1.0
1681,8392,1.0
2638,5993,1.0
4856,2739,1.0
6414,994,1.0
9515,98,1.0
292,95,1.0
717,7282,1.0
2515,6935,1.0
5392,7480,1.0
8966,6203,1.0
1916,61,1.0
8154,2,1.0
4143,221,1.0
7618,1581,1.0
10559,3,1.0
11773,1580,1.0
11894,6554,1.0
12147,3436,1.0
6218,7836,1.0
7609,1947,1.0
10370,7982,1.0
2472,2,1.0
1833,3598,1.0
4091,5514,1.0
5227,5370,1.0
1788,3593,1.0
11572,2126,1.0
12108,710,1.0
11296,7880,1.0
718,407,1.0
1445,2071,1.0
3153,132,1.0
8502,8364,1.0
10527,96,1.0
196,1869,1.0
1528,4540,1.0
7267,772,1.0
10204,1676,1.0
708,846,1.0
1022,650,1.0
2052,1779,1.0
4822,7834,1.0
5400,8767,1.0
9422,6608,1.0
9620,20,1.0
638,2234,1.0
638,6928,1.0
1839,3835,1.0
2511,8,1.0
290,1894,1.0
521,368,1.0
1834,7257,1.0
2845,196,1.0
4586,1141,1.0
5427,238,1.0
6695,2783,1.0
7193,5836,1.0
12289,814,1.0
2719,5283,1.0
4163,36,1.0
11961,3326,1.0
616,5935,1.0
3172,1618,1.0
3705,120,1.0
4345,4975,1.0
8595,1457,1.0
146,7728,1.0
146,1899,1.0
2492,28,1.0
6318,1121,1.0
8580,535,1.0
287,5580,1.0
982,16,1.0
3348,7606,1.0
9919,5798,1.0
191,1399,1.0
1057,6031,1.0
6601,597,1.0
11855,3327,1.0
1946,4130,1.0
4203,4241,1.0
7935,1345,1.0
10826,6735,1.0
2086,6220,1.0
6965,360,1.0
8619,6764,1.0
688,6924,1.0
8748,44,1.0
329,8808,1.0
3169,3280,1.0
5704,58,1.0
6669,4234,1.0
991,60,1.0
2926,7723,1.0
5232,221,1.0
10462,5698,1.0
11770,5727,1.0
2885,4249,1.0
4656,6534,1.0
6509,1968,1.0
8995,302,1.0
10450,3516,1.0
11898,8772,1.0
522,1327,1.0
4436,55,1.0
200,4029,1.0
200,4188,1.0
713,2280,1.0
2208,1207,1.0
3675,199,1.0
95,480,1.0
7053,17,1.0
10025,5405,1.0
408,7368,1.0
3807,1605,1.0
10996,90,1.0
5412,4632,1.0
7913,5517,1.0
10384,908,1.0
289,565,1.0
641,1995,1.0
3467,5973,1.0
4750,214,1.0
8197,4013,1.0
8944,1798,1.0
543,9140,1.0
754,986,1.0
1718,1325,1.0
7211,5476,1.0
9597,1714,1.0
2867,28,1.0
4278,9013,1.0
4968,6701,1.0
8259,50,1.0
8918,2382,1.0
11490,615,1.0
1549,4910,1.0
2586,1780,1.0
8015,3847,1.0
12165,1695,1.0
328,4203,1.0
1949,4802,1.0
3161,3121,1.0
3724,164,1.0
5659,7683,1.0
10367,34,1.0
326,9105,1.0
3522,585,1.0
5191,3376,1.0
7264,57,1.0
10310,1604,1.0
198,302,1.0
1484,192,1.0
6185,8213,1.0
170,2604,1.0
358,6742,1.0
514,47,1.0
3999,5247,1.0
7446,7409,1.0
11051,3441,1.0
167,1546,1.0
611,5604,1.0
1847,198,1.0
5989,41,1.0
7477,139,1.0
10897,860,1.0
12290,1048,1.0
207,3986,1.0
478,610,1.0
934,3697,1.0
1710,965,1.0
10846,3641,1.0
607,8047,1.0
607,7360,1.0
959,1418,1.0
1614,985,1.0
7748,2587,1.0
10075,8544,1.0
11141,5127,1.0
5969,5583,1.0
2384,4294,1.0
8269,271,1.0
9787,739,1.0
12146,44,1.0
312,1156,1.259958414694593
1204,2363,1.0
5413,58,1.0
344,1194,1.0
531,2908,1.0
628,7095,1.0
11500,8061,1.0
375,5550,1.0
2441,7365,1.0
3686,72,1.0
4774,568,1.0
6424,54,1.0
11930,1052,1.0
47,52,1.0
47,3320,1.0
2665,6476,1.0
6673,4472,1.0
9948,621,1.0
321,1225,1.0
2656,4475,1.0
3733,1771,1.0
8390,8013,1.0
3770,1136,1.0
640,40,1.0
9576,4608,1.0
3623,102,1.0
4310,522,1.0
6352,2521,1.0
6646,5094,1.0
7021,5563,1.0
10682,235,1.0
9048,386,1.0
907,2131,1.0
2657,804,1.0
11243,2810,1.0
490,83,1.0
5385,811,1.0
5998,6605,1.0
9546,1942,1.0
11828,884,1.0
1519,5263,1.0
1890,377,1.0
7703,55,1.0
8203,1542,1.0
11189,587,1.0
11727,29,1.0
398,5716,1.0
3399,1705,1.0
7597,575,1.0
1200,1075,1.0
2157,4,1.0
3692,1334,1.0
4262,5496,1.0
6374,7719,1.0
9531,2558,1.0
10954,7375,1.0
168,981,1.0
996,2598,1.0
4277,4909,1.0
6230,8292,1.0
5120,0,1.0
11324,4525,1.0
293,1758,1.0
8720,7146,1.0
479,37,1.0
479,304,1.0
1881,6669,1.0
4971,526,1.0
4354,420,1.0
6354,1727,1.0
9174,6390,1.0
1804,7493,1.0
6120,792,1.0
8817,5055,1.0
10822,5881,1.0
2565,1297,1.0
3095,7203,1.0
4403,45,1.0
10317,5905,1.0
11729,2025,1.0
572,32,1.0
3579,4228,1.0
3950,2914,1.0
8231,7711,1.0
10535,5047,1.0
670,5498,1.0
1372,608,1.0
1975,6270,1.0
1777,7758,1.0
1321,6568,1.0
9132,6342,1.0
9915,524,1.0
10426,5543,1.0
1753,7713,1.0
3144,4314,1.0
4470,4005,1.0
5691,244,1.0
5945,7977,1.0
11812,1,1.0
678,667,1.0
5774,7700,1.0
6940,1709,1.0
9711,1868,1.0
492,155,1.0
2266,1415,1.0
5290,7636,1.0
11964,8438,1.0
12279,1555,1.0
195,4059,1.0
5509,873,1.0
5689,1652,1.0
7998,8582,1.0
8615,5814,1.0
10240,483,1.0
534,6037,1.0
1724,1648,1.0
2695,7718,1.0
10743,4025,1.0
699,182,1.0
3552,6873,1.0
6490,142,1.0
3891,1622,1.0
6900,179,1.0
8828,8764,1.0
1517,5923,1.0
3019,1383,1.0
3538,6932,1.0
8384,2212,1.0
46,208,1.0
3184,1617,1.0
5924,8569,1.0
7906,2593,1.0
11862,8700,1.0
151,1670,1.0
7486,3386,1.0
8435,2065,1.0
11283,139,1.0
6963,315,1.0
10242,204,1.0
10908,9072,1.0
11241,4416,1.0
2857,1037,1.0
3508,6076,1.0
4236,31,1.0
11560,2665,1.0
208,1754,1.0
585,2826,1.0
776,1138,1.0
1121,1998,1.0
3212,7541,1.0
3841,2833,1.0
10504,2664,1.0
2841,596,1.0
9050,3255,1.0
10439,6964,1.0
3231,987,1.0
5498,4657,1.0
11570,393,1.0
162,1491,1.0
1011,321,1.0
1799,117,1.0
2407,672,1.0
11168,97,1.0
11507,5893,1.0
702,6393,1.0
3174,3058,1.0
144,1331,1.0
787,6621,1.0
3033,6899,1.0
7765,2409,1.0
12199,5624,1.0
39,4858,1.0
652,7475,1.0
2583,1533,1.0
7890,6751,1.0
9339,5433,1.0
11306,7640,1.0
6310,4887,1.0
6546,1842,1.0
7156,2777,1.0
8299,2017,1.0
193,292,1.0
1920,8986,1.0
3280,6614,1.0
7602,617,1.0
9529,9,1.0
166,1797,1.0
5720,6406,1.0
3621,394,1.0
3193,2,1.0
4706,259,1.0
5686,2124,1.0
217,70,1.0
660,1880,1.0
201,1657,1.0
6544,4390,1.0
33,4989,1.0
749,1278,1.0
3058,212,1.0
3447,805,1.0
4680,4744,1.0
8205,53,1.0
11124,3478,1.0
1489,1010,1.0
1977,544,1.0
9330,3261,1.0
2601,6014,1.0
4215,4731,1.0
4686,1534,1.0
6915,5758,1.0
7905,5079,1.0
578,373,1.0
10368,1486,1.0
756,4252,1.0
2168,6611,1.0
3874,2805,1.0
8604,547,1.0
3097,4184,1.0
10398,589,1.0
11877,5093,1.0
13,721,1.0
388,2299,1.0
3065,2447,1.0
3537,4862,1.0
3828,96,1.0
6488,6281,1.0
9133,3047,1.0
9455,1989,1.0
9844,9150,1.0
239,723,1.0
957,4071,1.0
5061,111,1.0
5425,588,1.0
6012,9100,1.0
8035,6067,1.0
2,4789,1.0
117,8460,1.0
432,3562,1.0
5286,473,1.0
6454,3381,1.0
9785,21,1.0
10608,7,1.0
40,502,1.0
40,5128,1.0
222,4729,1.0
1611,1190,1.0
2125,139,1.0
9943,5519,1.0
715,3881,1.0
4070,1120,1.0
11328,151,1.0
43,7807,1.0
1899,275,1.0
2834,64,1.0
6853,36,1.0
18,4502,1.0
3,7667,1.0
3,2168,1.0
2978,1101,1.0
4652,6480,1.0
9598,3506,1.0
22,9144,1.0
22,6712,1.0
5694,618,1.0
10007,4578,1.0
12205,6447,1.0
11694,398,1.0
42,6550,1.0
2840,7923,1.0
4676,8952,1.0
7824,7326,1.0
7818,6470,1.0
8067,346,1.0
8263,1564,1.0
9563,202,1.0
1401,15,1.0
9374,475,1.0
0,7535,1.0
229,8908,1.0
3994,1860,1.0
8507,7284,1.0
11145,762,1.0
12318,4568,1.0
10354,293,1.0
11706,7666,1.0
12185,4032,1.0
4,7038,1.0
234,1551,1.0
1762,433,1.0
2735,230,1.0
5836,7971,1.0
505,2224,1.0
11542,183,1.0
2036,1822,1.0
2684,8529,1.0
3547,589,1.0
7457,1068,1.0
8585,7112,1.0
894,1886,1.0
7290,6041,1.0
10293,1059,1.0
10717,6320,1.0
452,5799,1.0
3802,3784,1.0
4283,2874,1.0
7306,7361,1.0
7972,443,1.0
8899,1827,1.0
11962,1503,1.0
16,1457,1.0
763,257,1.0767011663562822
1144,4850,1.0
2929,5191,1.0
10248,1725,1.0
23,434,1.0
659,4723,1.0
1223,6334,1.0
3384,7120,1.0
5787,273,1.0
11932,6493,1.0
554,8415,1.0
3504,20,1.0
7895,1251,1.0
12,4671,1.0
12,3692,1.0
406,190,1.0
4217,259,1.0
4923,1621,1.0
5667,2334,1.0
9753,2069,1.0
11063,2086,1.0
5,8380,1.0
5,1537,1.0
5,2903,1.0
5,3338,1.0
560,553,1.0
5210,7403,1.0
9024,7978,1.0
11596,40,1.0
58,324,1.0
573,5937,1.0
4249,1666,1.0
7705,2076,1.0
11563,1493,1.0
3914,2003,1.0
4674,143,1.0
6507,4553,1.0
7340,122,1.0
10526,768,1.0
2373,646,1.0
2769,8,1.0
3421,3923,1.0
7614,1,1.0
51,8794,1.0
141,3299,1.0
141,1954,1.0
141,4519,1.0
3129,64,1.0
3615,2162,1.0
12112,1453,1.0
25,2406,1.0
211,7610,1.0
7081,7178,1.0
8025,87,1.0
8791,346,1.0
9732,296,1.0
2413,1115,1.0
9375,6714,1.0
10849,730,1.0
14,93,1.0
1323,7603,1.0
1690,702,1.0
2806,1020,1.0
3413,11,1.0
5806,4362,1.0
1,510,1.0
1,7896,1.0
1,8806,1.0
3534,1302,1.0
7235,437,1.0
52,830,1.0
399,2654,1.0
692,1143,1.0
2308,1680,1.0
9479,1986,1.0
1530,1218,1.0
3362,1916,1.0
8001,1951,1.0
4548,6740,1.0
8821,427,1.0
11176,8137,1.0
6705,677,1.0
644,3573,1.0
644,4817,1.0
131,330,1.0
131,910,1.0
556,791,1.0
7097,1525,1.0
9533,9127,1.0
11313,2454,1.0
1069,973,1.0
1919,2068,1.0
3629,4621,1.0
5570,4661,1.0
9285,243,1.0
2526,7486,1.0
5271,625,1.0
6575,7122,1.0
15,339,1.0
112,4,1.0
1827,14,1.0
5066,4638,1.0
6014,186,1.0
7728,4878,1.0
12243,410,1.0
2551,1255,1.0
6175,3753,1.0
8528,9021,1.0
8950,3328,1.0
11823,4783,1.0
221,444,1.0
221,5677,1.0
298,8164,1.0
866,2964,1.0
7983,5373,1.0
9035,1738,1.0
9842,7953,1.0
12192,1537,1.0
5994,2600,1.0
6516,2173,1.0
4694,2843,1.0
3286,6586,1.0
4975,506,1.0
6758,4373,1.0
7836,1451,1.0
10191,4950,1.0
11422,8420,1.0
2620,477,1.0
3473,481,1.0
4171,36,1.0
8613,1292,1.0
11946,71,1.0
8889,739,1.0
12284,2476,1.0
17,17,1.0
17,712,1.0
17,3626,1.0
17,4627,1.0
3305,5038,1.0
4703,1573,1.0
6118,164,1.0
7561,7974,1.0
10402,2690,1.0
11457,5449,1.0
1482,1223,1.0
5235,6563,1.0
11441,2962,1.0
26,6017,1.0
3812,392,1.0
10914,9157,1.0
11064,2992,1.0
10,3171,1.0
10,3717,1.0
10,1367,1.0
536,7306,1.0
8598,856,1.0
10880,4082,1.0
6931,948,1.0
9917,4301,1.0
273,1950,1.0
925,370,1.0
2225,1300,1.0
3859,100,1.0
11136,5569,1.0
3448,41,1.0
8278,4978,1.0
11277,2096,1.0
630,9005,1.0
2229,8473,1.0
5316,1266,1.0
7799,2943,1.0
8449,33,1.0
9530,7356,1.0
7500,3393,1.0
9649,314,1.0
493,6370,1.0
1699,4762,1.0
6030,668,1.0
12280,5450,1.0
1831,8193,1.0
5788,2975,1.0
6324,615,1.0
4523,172,1.0
500,4899,1.0
500,2023,1.0
10250,621,1.0
11532,239,1.0
12159,90,1.0
772,6138,1.0
5377,1870,1.0
5566,7465,1.0
7389,534,1.0
8414,472,1.0
427,6620,1.0
855,4222,1.0
9260,1360,1.0
12297,220,1.0
596,378,1.0
596,1904,1.0
1595,626,1.0
4069,177,1.0
4983,352,1.0
7213,24,1.0
7651,800,1.0
129,724,1.0
5903,126,1.0
498,87,1.0
3028,8423,1.0
7580,8572,1.0
727,2549,1.0
1453,1787,1.0
10308,1014,1.0
12187,1867,1.0
9079,5981,1.0
5109,1238,1.0
8268,3789,1.0
9738,3010,1.0
10670,180,1.0
12227,548,1.0
2083,4092,1.0
4318,45,1.0
392,862,1.0
1781,8109,1.0
3748,367,1.0
7431,7828,1.0
8388,8719,1.0
41,600,1.0
41,7527,1.0
409,6007,1.0
4522,6163,1.0
11630,115,1.0
111,998,1.0
2111,674,1.0
6010,361,1.0
6730,40,1.0
1308,900,1.0
2979,896,1.0
3851,3804,1.0
525,119,1.0
525,2799,1.0
1663,709,1.0
6924,350,1.0
9198,6780,1.0
113,2996,1.0
721,8239,1.0
6838,4227,1.0
8960,225,1.0
11423,6696,1.0
11749,2267,1.0
314,971,1.0
8581,4077,1.0
7202,8092,1.0
796,1627,1.0
1594,5911,1.0
3133,8453,1.0
7188,570,1.0
8084,716,1.0
487,5830,1.0
4683,323,1.0
5753,4355,1.0
3131,2171,1.0
7368,8521,1.0
547,7485,1.0
3037,6324,1.0
3628,1557,1.0
10915,141,1.0
275,1103,1.0
4062,5805,1.0
10927,2,1.0
12149,8390,1.0
11,2948,1.0
11,7476,1.0
1552,2374,1.0
2218,4399,1.0
4933,1188,1.0
8543,3640,1.0
9183,7602,1.0
38,7855,1.0
5527,478,1.0
7361,194,1.0
8114,343,1.0
202,4270,1.0
723,9077,1.0
723,7379,1.0
3029,7331,1.0
4239,8833,1.0
5101,2350,1.0
5693,376,1.0
10271,507,1.0
1620,518,1.0
2653,1203,1.0
10112,8076,1.0
1704,1021,1.0
9590,7966,1.0
10637,7961,1.0
8377,1242,1.0
9103,114,1.0
10635,5214,1.0
631,738,1.0
631,8965,1.0
1181,6662,1.0
8495,1164,1.0
30,360,1.0628316657859103
5401,4740,1.0
8467,7430,1.0
1389,329,1.0
4746,6407,1.0
7377,541,1.0
4528,5146,1.0
6477,2109,1.0
10746,223,1.0
11553,338,1.0
3836,1869,1.0
10894,601,1.0
11415,160,1.0
9359,8381,1.0
11048,2661,1.0
2007,4611,1.0
8395,5616,1.0
10388,5268,1.0
3313,50,1.0
5313,1998,1.0
8660,3086,1.0
889,902,1.0
1638,7688,1.0
2186,3490,1.0
3076,891,1.0
4885,388,1.0
7283,2285,1.0
8659,2811,1.0
1061,3554,1.0
11229,347,1.0
32,8303,1.0
32,6648,1.0
3713,159,1.0
9430,1427,1.0
223,958,1.0
223,2042,1.0
2691,2588,1.0
10847,2118,1.0
11220,6997,1.0
1322,688,1.0
2783,6844,1.0
8745,6461,1.0
9219,38,1.0
5299,6283,1.0
7390,2163,1.0
9558,8495,1.0
622,4088,1.0
6733,1066,1.0
1262,7743,1.0
2529,132,1.0
5681,3990,1.0
11438,5077,1.0
767,6937,1.0
8424,39,1.0
5258,1662,1.0
9926,6395,1.0
12232,823,1.0
102,7017,1.0
3971,723,1.0
6335,2749,1.0
7204,456,1.0
8138,1680,1.0
3637,1286,1.0
5449,509,1.0
8771,1153,1.0
335,4093,1.0
2790,28,1.0
5215,6868,1.0
10358,2950,1.0
11211,5918,1.0
3693,42,1.0
4116,4702,1.0
6547,469,1.0
9231,5633,1.0
9719,8309,1.0
121,3101,1.0
2936,1637,1.0
5093,541,1.0
6704,5088,1.0
3326,1409,1.0
4552,7916,1.0
1025,7380,1.0
1570,3918,1.0
5224,2,1.0
9959,1636,1.0
20,89,1.0
6196,5390,1.0
7084,8,1.0
10360,1396,1.0
658,5051,1.0
1292,6768,1.0
2363,2014,1.0
2679,4140,1.0
9096,3961,1.0
6440,2655,1.0
8999,7840,1.0
3546,5130,1.0
4849,30,1.0
11493,1284,1.0
671,5100,1.0
2715,4121,1.0
3952,462,1.0
4835,7355,1.0
8277,1057,1.0
8895,6803,1.0
11223,1009,1.0
1051,5967,1.0
2330,2076,1.0
7155,204,1.0
8825,9116,1.0
9072,1710,1.0
11577,6058,1.0
2109,1170,1.0
6522,1046,1.0
8786,543,1.0
10113,244,1.0
488,2897,1.0
1365,643,1.0
2301,2398,1.0
6054,58,1.0
10024,7024,1.0
10930,2443,1.0
11765,1929,1.0
1491,4,1.0
4352,5053,1.0
4768,7230,1.0
5563,7756,1.0
7541,1762,1.0
8723,3242,1.0
172,8344,1.0
2465,1504,1.0
8221,1601,1.0
9483,3479,1.0
27,892,1.0
27,9012,1.0
4417,1818,1.0
10674,8692,1.0
2794,732,1.0
6590,8313,1.0
10195,6650,1.0
7522,1980,1.0
9888,4000,1.0
10263,8821,1.0
1534,491,1.0
2738,8045,1.0
7566,3693,1.0
8536,549,1.0
9645,8799,1.0
1488,171,1.0
3011,5057,1.0
3558,3359,1.0
4562,8226,1.0
5221,5466,1.0
2683,7769,1.0
4286,466,1.0
7184,3005,1.0
8285,186,1.0
9810,3037,1.0
1334,409,1.0
3586,6408,1.0
4396,4019,1.0
138,4170,1.0
2500,2046,1.0
6164,4,1.0
130,1836,1.0
1990,3181,1.0
5800,429,1.0
6525,345,1.0
9990,2957,1.0
11789,8741,1.0
648,2024,1.0
1314,6202,1.0
2211,269,1.0
3287,6798,1.0
5096,7881,1.0
7706,5037,1.0
8702,61,1.0
179,175,1.0
703,8743,1.0
5845,1406,1.0
8373,8911,1.0
10834,6908,1.0
8545,2474,1.0
9235,5755,1.0
9821,1527,1.0
11910,1081,1.0
2065,1686,1.0
4120,7943,1.0
4265,5361,1.0
6654,5141,1.0
7088,7935,1.0
8677,65,1.0
9190,7047,1.0
10455,2555,1.0
2569,5485,1.0
11259,3683,1.0
527,1885,1.0
2184,4144,1.0
3645,2368,1.0
4937,838,1.0
10152,7407,1.0
6740,1924,1.0
10126,5983,1.0
5451,217,1.0
5772,7487,1.0
6821,647,1.0
10066,6132,1.0
2544,328,1.0
5273,4046,1.0
7404,2317,1.0
4392,1968,1.0
5656,1258,1.0
9692,543,1.0
664,1443,1.0
3503,3405,1.0
6421,3979,1.0
11414,578,1.0
3012,173,1.0
4594,729,1.0
6417,2014,1.0
10019,2651,1.0
9614,8780,1.0
6085,1981,1.0
6620,1102,1.0
10082,137,1.0
11973,5067,1.0
1655,89,1.0
2079,4643,1.0
5881,3808,1.0
7640,2329,1.0
1222,8383,1.0
6238,4748,1.0
6503,7899,1.0
11270,3765,1.0
309,2717,1.0
520,2821,1.0
2126,2527,1.0
2581,8007,1.0
4896,6148,1.0
6388,248,1.0
10071,6400,1.0
12031,17,1.0
740,149,1.117344540234055
7085,4396,1.0
5383,4415,1.0
6667,5023,1.0
8466,5975,1.0
11989,8757,1.0
456,446,1.0
456,6668,1.0
10034,1961,1.0
3924,7584,1.0
4928,639,1.0
7944,5602,1.0
10315,9031,1.0
10997,11,1.0
11922,4238,1.0
681,1490,1.0
1010,7800,1.0
4858,978,1.0
6986,238,1.0
1918,229,1.0
5445,8261,1.0
10385,2832,1.0
1141,5462,1.0
4832,4454,1.0
10584,8,1.0
569,5011,1.0
2865,5136,1.0
4935,278,1.0
6836,303,1.0
10545,455,1.0
6104,4567,1.0
7589,5469,1.0
8875,660,1.0
12248,5601,1.0
7057,6469,1.0
9232,575,1.0
9766,7887,1.0
12058,6583,1.0
3042,5386,1.0
7846,5895,1.0
10156,2182,1.0
3375,2351,1.0
2556,6804,1.0
7303,8728,1.0
7518,104,1.0
224,6307,1.0
4263,6232,1.0
6543,549,1.0
7301,1316,1.0
1561,8259,1.0
6062,5204,1.0
6747,1243,1.0
11723,102,1.0
12151,2091,1.0
6223,347,1.0
10829,1419,1.0
5512,8262,1.0
6984,5739,1.0
7554,2546,1.0
8989,5723,1.0
1280,4011,1.0
2457,661,1.0
2508,878,1.0
7316,1957,1.0
9363,2095,1.0
513,8923,1.0
1842,63,1.0
4021,2041,1.0
542,5344,1.0
5311,963,1.0
10563,1535,1.0
12193,1,1.0
1436,1245,1.0
3873,9163,1.0
5284,2696,1.0
6680,50,1.0
3593,1153,1.0
4314,7841,1.0
5160,6911,1.0
6816,5097,1.0
771,5644,1.0
6903,6348,1.0
7362,7576,1.0
9467,9019,1.0
1176,3079,1.0
1869,2272,1.0
5601,4908,1.0
7767,6587,1.0
10102,247,1.0
11157,1140,1.0
80,8249,1.0
80,4221,1.0
666,114,1.0
666,486,1.0
1585,528,1.0
2612,7748,1.0
3049,4405,1.0
4366,8994,1.0
11528,3417,1.0
8483,55,1.0
12143,5699,1.0
7428,6293,1.0
269,5831,1.0
789,3740,1.0
2858,641,1.0
3997,2854,1.0
8564,5087,1.0
1105,8144,1.0
7659,1041,1.0
8515,6812,1.0
734,2222,1.0
734,1816,1.0
1657,819,1.0
3021,351,1.0
4478,4607,1.0
7032,2320,1.0
9146,1209,1.0
264,308,1.0
9173,286,1.0
2777,3209,1.0
5645,1890,1.0
1786,1949,1.0
7999,5759,1.0
10797,1792,1.0
4385,8608,1.0
8209,3736,1.0
9115,4745,1.0
12086,7600,1.0
691,397,1.0
691,6907,1.0
2390,4135,1.0
6638,1846,1.0
9698,4060,1.0
7172,3930,1.0
11317,3150,1.0
2446,4962,1.0
7734,3156,1.0
9033,1250,1.0
6670,1089,1.0
8894,1642,1.0
9466,3523,1.0
10101,6399,1.0
476,1546,1.0
2094,1826,1.0
2734,8614,1.0
3203,6916,1.0
4723,276,1.0
9656,814,1.0
541,3052,1.0
5287,4429,1.0
10638,2816,1.0
12113,1460,1.0
1636,4570,1.0
2909,6292,1.0
4148,111,1.0
5595,7456,1.0
7840,1807,1.0
9277,1907,1.0
10493,739,1.0
1218,410,1.0
10498,4318,1.0
570,91,1.0
4259,4533,1.0
9588,1785,1.0
9845,176,1.0
3265,8112,1.0
3962,7080,1.0
8725,2958,1.0
735,94,1.0
1237,79,1.0
5896,3360,1.0
10860,295,1.0
7190,8669,1.0
11697,1365,1.0
414,643,1.0
5134,3984,1.0
9444,505,1.0
10256,665,1.0
5593,10,1.0
7135,2005,1.0
1675,2891,1.0
5043,4932,1.0
695,8327,1.0
3258,2080,1.0
4128,357,1.0
11972,1445,1.0
2731,73,1.0
4104,5683,1.0
12260,5671,1.0
242,5028,1.0
2764,114,1.0
5432,7918,1.0
11103,1359,1.0
965,5295,1.0
2081,4871,1.0
2708,257,1.0
9360,8004,1.0
2112,76,1.0
2829,2125,1.0
6501,666,1.0
9910,8615,1.0
49,5244,1.0
5300,2142,1.0
7796,61,1.0
7365,1429,1.0
8040,1569,1.0
928,1299,1.0
4002,1722,1.0
10719,3933,1.0
11557,2098,1.0
160,83,1.0
4382,1033,1.0
11806,8229,1.0
1813,963,1.0
4273,20,1.0
5713,315,1.0
8096,35,1.0
11349,6315,1.0
5955,42,1.0
10620,2493,1.0
4453,4780,1.0
7851,1567,1.0
528,122,1.0
1037,7546,1.0
3236,3919,1.0
4689,3876,1.0
7842,4589,1.0
9145,2072,1.0
953,3075,1.0
5959,1137,1.0
7798,805,1.0
5514,2592,1.0
56,19,1.0
56,6251,1.0
2742,3217,1.0
3650,3488,1.0
11719,3277,1.0
2076,539,1.0
5247,590,1.0
6183,7531,1.0
8885,565,1.0
159,8265,1.0
6784,415,1.0
8168,207,1.0
9686,151,1.0
11171,5883,1.0
4000,3022,1.0
5660,1322,1.0
7175,3813,1.0
7497,3060,1.0
4216,1730,1.0
4537,808,1.0
5354,8846,1.0
11049,107,1.0
1300,5489,1.0
2781,397,1.0
6132,253,1.0
11378,6704,1.0
1593,4055,1.0
2258,2358,1.0
3307,3438,1.0
4978,6738,1.0
10469,6593,1.0
1558,8173,1.0
3070,3415,1.0
10106,280,1.0
154,6106,1.0
10702,4933,1.0
1978,1053,1.0
6574,6185,1.0
8731,70,1.0
10499,1251,1.0
2578,7897,1.0
8128,138,1.0
8810,1786,1.0
4881,273,1.0
9538,25,1.0
11661,200,1.0
3424,13,1.0
4807,5374,1.0
11951,6511,1.0
1170,711,1.0
1623,1232,1.0
2142,3064,1.0
142,8382,1.0
916,682,1.0
2366,4459,1.0
5716,699,1.0
8056,9165,1.0
453,1204,1.0
453,6380,1.0
3267,754,1.0
6554,1808,1.0
3162,8800,1.0
8438,957,1.0
2447,516,1.0
5111,1,1.0
6597,1426,1.0
10297,7303,1.0
3806,41,1.0
4446,2715,1.0
6434,306,1.0
6751,8738,1.0
9799,3134,1.0
1814,7488,1.0
2078,6998,1.0
2766,690,1.0
6239,4089,1.0
11705,5859,1.0
357,8623,1.0
3649,292,1.0
6577,6479,1.0
3040,6340,1.0
11639,4600,1.0
263,5264,1.0
784,8907,1.0
1385,2909,1.0
3605,1319,1.0
8092,3461,1.0
3885,1070,1.0
5889,7781,1.0
5118,374,1.0
118,5167,1.0
1848,514,1.0
4647,6190,1.0
5811,2314,1.0
7441,422,1.0
8411,2276,1.0
684,4327,1.0
7059,2758,1.0
10808,8391,1.0
4804,930,1.0
7197,9129,1.0
9733,7650,1.0
435,1715,1.0011281274535528
6656,5741,1.0
7014,7041,1.0
140,1368,1.0
2320,8295,1.0
4180,6068,1.0
5388,7810,1.0
9425,16,1.0
1042,8709,1.0
2809,6139,1.0
3376,4363,1.0
11133,283,1.0
4374,751,1.0
4797,746,1.0
7633,149,1.0
8476,6168,1.0
8973,6193,1.0
253,351,1.0
253,3749,1.0
4662,6893,1.0
6689,1883,1.0
10621,5049,1.0
44,4725,1.0
2793,43,1.0
10586,174,1.0
11035,1788,1.0
3505,1008,1.0
5125,8081,1.0
11348,6947,1.0
3813,5906,1.0
9768,7053,1.0
940,116,1.0
2595,8740,1.0
2240,6140,1.0
8305,148,1.0
6267,4935,1.0
3284,4226,1.0
6724,229,1.0
8152,2396,1.0
11534,1930,1.0
66,3228,1.0
6148,134,1.0
6858,428,1.0
780,1158,1.0
5002,8343,1.0
7003,4125,1.0
9661,2404,1.0
10247,550,1.0
3578,311,1.0
11147,811,1.0
11467,6108,1.0
2694,4562,1.0
3197,6276,1.0
3668,3458,1.0
440,4799,1.0
1956,230,1.0
9964,27,1.0
11754,7875,1.0
662,6516,1.0
811,574,1.0
5345,923,1.0
6027,4813,1.0
7273,5553,1.0
11333,7895,1.0
2221,4921,1.0
2779,1295,1.0
3516,7850,1.0
6017,142,1.0
8876,657,1.0
10311,3067,1.0
597,2221,1.0
374,322,1.0
7636,2236,1.0
8713,3,1.0
11159,1853,1.0
197,2862,1.0
1739,8602,1.0
3563,5007,1.0
8834,3,1.0
5636,195,1.0
11602,8422,1.0
5205,1,1.0
6140,2417,1.0
11666,7632,1.0
4145,166,1.0
9839,8196,1.0
5362,1119,1.0
9704,254,1.0
94,1725,1.0
94,7196,1.0
694,847,1.0
4159,8535,1.0
11345,54,1.0
4963,3232,1.0
9636,2440,1.0
10683,3954,1.0
1502,1416,1.0
6381,6367,1.0
7857,6599,1.0
8509,27,1.0
1245,3564,1.0
4919,1735,1.0
3622,26,1.0
10258,5558,1.0
10975,25,1.0
11631,150,1.0
9817,5792,1.0
101,1228,1.0
5337,6590,1.0
7399,8072,1.0
10599,3419,1.0
2580,7084,1.0
3283,1373,1.0
5902,8195,1.0
10666,143,1.0
105,1354,1.0
105,7922,1.0
3387,7374,1.0
5991,2646,1.0
7931,523,1.0
11721,286,1.0
6224,3666,1.0
8695,2028,1.0
323,638,1.0
775,497,1.0
1458,165,1.0
5390,552,1.0
5764,8,1.0
6628,7929,1.0
10397,2965,1.0
3010,773,1.0
8949,8297,1.0
3008,44,1.0
7553,1135,1.0
2448,637,1.0
2740,7472,1.0
8772,8166,1.0
1324,8121,1.0
2531,54,1.0
5780,3510,1.0
6634,1503,1.0
7528,9119,1.0
8216,7116,1.0
2997,2735,1.0
6013,1383,1.0
6617,3178,1.0
7619,2579,1.0
7899,2529,1.0
9428,7917,1.0
11115,5226,1.0
228,1943,1.0
3671,663,1.0
6355,5342,1.0
10645,445,1.0
11985,4154,1.0
2757,4045,1.0
3285,2166,1.0
313,7363,1.0
2681,5570,1.0
9144,4791,1.0
619,2971,1.0
3741,6233,1.0
7791,733,1.0
4410,138,1.0
4655,291,1.0
8640,5313,1.0
11853,6901,1.0
182,1384,1.0
865,4216,1.0
1877,2776,1.0
6694,6458,1.0
9856,5610,1.0
6812,4559,1.0
7914,1898,1.0
8557,22,1.0
10885,414,1.0
4176,1681,1.0
5705,867,1.0
8955,4815,1.0
11212,113,1.0
3460,5702,1.0
7761,8449,1.0
4663,916,1.0
6446,318,1.0
7092,958,1.0
4961,3546,1.0
12040,8558,1.0
3779,1837,1.0
6257,3679,1.0
10285,4180,1.0
10452,4515,1.0
4569,2772,1.0
5007,155,1.0
7776,4371,1.0
9718,1450,1.0
516,4859,1.0
674,790,1.0
983,4118,1.0
9271,3200,1.0
9953,4484,1.0
2521,1748,1.0
6390,4971,1.0
7780,183,1.0
8643,5421,1.0
11902,84,1.0
625,264,1.0
6080,1558,1.0
9637,4497,1.0
2541,6819,1.0
5257,6,1.0
5745,5307,1.0
10716,299,1.0
2303,2074,1.0
11433,4529,1.0
1052,6321,1.0
257,726,1.0
4247,7742,1.0
9206,19,1.0
9975,7714,1.0
11956,2419,1.0
8229,361,1.0
2145,190,1.0
2572,108,1.0
3401,133,1.0
11656,361,1.0
5336,5137,1.0
5785,4016,1.0
11032,3567,1.0
6459,5328,1.0
7490,7,1.0
9634,8765,1.0
2782,1931,1.0
3431,100,1.0
6038,1190,1.0
7945,615,1.0
10074,6551,1.0
143,4302,1.0
11175,8769,1.0
2654,1669,1.0
5758,1670,1.0
6595,6374,1.0
11778,1723,1.0
2534,529,1.0
3564,1952,1.0
187,7838,1.0
1067,2644,1.0
2761,8621,1.0
4645,551,1.0
6896,1915,1.0
11905,4561,1.0
817,837,1.0
1446,81,1.0
4517,927,1.0
7258,343,1.0
10502,26,1.0
61,8155,1.0
5966,1993,1.0
6447,308,1.0
9706,4898,1.0
10186,906,1.0
732,7009,1.0
3946,1046,1.0
10187,4548,1.0
10898,4479,1.0
3882,7064,1.0
5717,1721,1.0
7257,2357,1.0
9514,6191,1.0
2222,82,1.0
2640,8022,1.0
6384,1116,1.0
8357,4480,1.0
9200,499,1.0
12183,419,1.0
2242,58,1.0
2576,6413,1.0
5251,4642,1.0
6157,1193,1.0
3079,1065,1.0
6241,6665,1.0
7537,773,1.0
3513,3613,1.0
7578,333,1.0
10221,521,1.0
11222,1470,1.0
12102,7314,1.0
265,98,1.0
11576,754,1.0
3007,8034,1.0
3577,531,1.0
7443,5246,1.0
9885,94,1.0
10798,7022,1.0
11120,7934,1.0
2767,109,1.0
4045,5803,1.0
7419,474,1.0
8324,2147,1.0
6443,1272,1.0
8662,8223,1.0
5614,8456,1.0
7397,6301,1.0
8215,9053,1.0
9745,689,1.0
10993,832,1.0
212,859,1.0
8143,288,1.0
1754,3113,1.0
2502,103,1.0
5416,30,1.0
5920,423,1.0
7757,1352,1.0
11336,1175,1.0
3459,5092,1.0
7869,1782,1.0
8464,3463,1.0
563,2442,1.0
2878,1371,1.0
3241,8288,1.0
4184,4875,1.0
9447,4882,1.0
12135,3003,1.0
10134,5819,1.0
12026,7987,1.0
5961,1313,1.0
7255,8184,1.0
8929,7936,1.0
5831,72,1.0
11030,722,1.0
4875,736,1.0
7276,1217,1.0
7480,7898,1.0
8867,2760,1.0
10010,2771,1.0
2540,2360,1.0
3199,3934,1.0
4355,2302,1.0
6305,2034,1.0
8174,5479,1.0
9051,1355,1.0
5051,126,1.0
5727,1857,1.0
6973,3788,1.0
8457,8434,1.0
2990,5422,1.0
8687,9147,1.0
1269,398,1.0
5262,3142,1.0
6283,3307,1.0
10098,5872,1.0
2902,1817,1.0
5114,3085,1.0
951,1333,1.0
7977,4117,1.0
9690,501,1.0
11775,474,1.0
5507,7481,1.0
11888,6353,1.0
7451,7959,1.0
9273,9137,1.0
10868,7172,1.0
60,2018,1.0
4386,2497,1.0
11177,5603,1.0
390,7989,1.0
4700,6360,1.0
9970,5186,1.0
2032,4687,1.0
10906,56,1.0
11690,12,1.0
558,181,1.0
1100,6552,1.0
8665,3112,1.0
9481,799,1.0
11643,415,1.0
11971,7296,1.0
1683,9146,1.0
4532,6705,1.0
8243,1109,1.0
9924,8899,1.0
10819,1178,1.0
615,126,1.0
2827,1261,1.0
6452,1108,1.0
8586,8248,1.0
10534,1689,1.0
1966,341,1.0
4498,716,1.0
5102,4138,1.0
5715,590,1.0
9120,1828,1.0
10892,5674,1.0
11777,3353,1.0
336,2005,1.0
336,5491,1.0
4479,62,1.0
5481,2485,1.0
6923,7550,1.0
5028,6161,1.0
6430,2584,1.0
10994,2115,1.0
12182,897,1.0
1664,929,1.0
3273,3378,1.0
6313,6107,1.0
9957,5072,1.0
6265,5487,1.0
10568,8983,1.0
2264,6128,1.0
6212,6772,1.0
7867,5500,1.0
8710,8963,1.0
503,1463,1.0
3000,5851,1.0
8191,1966,1.0
3571,2606,1.0
8004,4201,1.0
4272,673,1.0
6993,8605,1.0
9229,1785,1.0
10641,70,1.0
12116,239,1.0
601,231,1.0
5965,5339,1.0
931,1571,1.0
3918,402,1.0
8928,617,1.0
11865,111,1.0
4555,7037,1.0
6755,4927,1.0
7779,199,1.0
11365,4492,1.0
3910,1553,1.0
7672,2570,1.0
11362,1728,1.0
347,5612,1.0
3795,123,1.0
7360,603,1.0
8178,7029,1.0
173,5548,1.0
6378,7253,1.0
7811,1458,1.0
9735,7213,1.0
2334,3957,1.0
3411,3367,1.0
7556,661,1.0
9478,2110,1.0
5154,6706,1.0
6306,239,1.0
6877,2279,1.0
8144,8948,1.0
8795,8856,1.0
9415,6521,1.0
3339,1350,1.0
4544,1070,1.0
6145,1105,1.0
8753,154,1.0
11860,75,1.0
2005,133,1.0
10051,280,1.0
3350,3812,1.0
5596,8510,1.0
1399,8123,1.0
8251,3729,1.0
1867,3686,1.0
3226,763,1.0
6485,6351,1.0
8608,605,1.0
10973,265,1.0
11691,1806,1.0
2850,277,1.0
3327,4466,1.0
10286,1682,1.0
8779,5325,1.0
3418,5213,1.0
11208,5866,1.0
422,4668,1.0
3730,254,1.0
8907,2218,1.0
9524,503,1.0
960,8677,1.0
1968,7789,1.0
2973,4103,1.0
5914,7055,1.0
6767,216,1.0
8631,1753,1.0
10027,272,1.0
11569,3556,1.0
1865,4425,1.0
5087,8244,1.0
5878,8268,1.0
7363,6199,1.0
8715,5557,1.0
3159,1703,1.0
5841,43,1.0
5894,3215,1.0
454,4368,1.0
3584,1240,1.0
8014,5864,1.0
8708,6184,1.0
322,7612,1.0
6977,56,1.0
7324,6442,1.0
9938,1184,1.0
11452,1310,1.0
7584,7587,1.0
8020,1708,1.0
4792,429,1.0
8952,7272,1.0
11095,365,1.0
3776,573,1.0
4050,6455,1.0
6691,1411,1.0
8569,1689,1.0
9286,7467,1.0
1730,3677,1.0
7241,7870,1.0
9947,4639,1.0
10956,182,1.0
1368,691,1.0
9307,26,1.0
1759,3018,1.0
2879,964,1.0
6502,403,1.0
4759,934,1.0
10207,1470,1.0
9929,6198,1.0
12079,6793,1.0
3570,2001,1.0
11148,2714,1.0
11276,60,1.0
12242,1364,1.0
742,72,1.0
4574,577,1.0
5122,6112,1.0
8914,393,1.0
279,3709,1.0
5276,5705,1.0
10658,889,1.0
3704,5015,1.0
9928,5492,1.0
8338,701,1.0
1318,6510,1.0
3763,1635,1.0
4640,9029,1.0
1373,758,1.0
2662,4421,1.0
8240,7453,1.0
9729,1971,1.0
1938,422,1.0
3377,8441,1.0
2522,2186,1.0
2828,7,1.0
8763,2035,1.0
10681,3714,1.0
178,1547,1.0
8311,6151,1.0
1955,25,1.0
655,498,1.0
655,320,1.0
5824,3102,1.0
11522,7551,1.0
6226,7115,1.0
10417,1024,1.0
1706,42,1.0
5352,2097,1.0
9373,411,1.0
11297,4027,1.0
12220,538,1.0
12082,3967,1.0
1179,495,1.0
2445,1970,1.0
10471,6103,1.0
6644,1737,1.0
7676,3712,1.0
7996,5916,1.0
10705,6777,1.0
11188,6363,1.0
11579,8885,1.0
3901,3035,1.0
7665,4337,1.0
793,4637,1.0
2982,2978,1.0
4628,1876,1.0
5089,1863,1.0
6519,3464,1.0
8856,3283,1.0
9722,526,1.0
10312,8128,1.0
3054,6987,1.0
7590,258,1.0
11037,2078,1.0
2298,3397,1.0
4527,2945,1.0
10984,2,1.0
11650,962,1.0
1836,315,1.0
4242,8651,1.0
8058,6569,1.0
10371,1735,1.0
11615,6859,1.0
3120,1893,1.0
7168,4943,1.0
7806,310,1.0
8275,6328,1.0
8681,7931,1.0
11852,1071,1.0
1933,3279,1.0
4657,9145,1.0
5169,7495,1.0
6174,1599,1.0
6897,2791,1.0
11340,564,1.0
12032,1541,1.0
1928,205,1.0
2758,8064,1.0
7464,4080,1.0
11864,800,1.0
2673,8452,1.0
7787,63,1.0
8893,78,1.0
10410,3607,1.0
2110,5193,1.0
3331,4718,1.0
5671,2850,1.0
7586,57,1.0
5970,2352,1.0
7493,153,1.0
7743,3971,1.0
690,761,1.0
2838,2751,1.0
5846,1458,1.0
6991,815,1.0
7833,6822,1.0
10679,2982,1.0
11380,7964,1.0
9222,6279,1.0
10689,4749,1.0
1119,1291,1.0
3386,38,1.0
6753,180,1.0
10841,51,1.0
297,120,1.0
2355,8675,1.0
2928,36,1.0
5722,13,1.0
5226,4960,1.0
9551,1424,1.0
10132,5787,1.0
10522,5991,1.0
1231,5976,1.0
6168,98,1.0
8218,6244,1.0
4820,329,1.0
6803,191,1.0
6632,975,1.0
4020,169,1.0
4651,36,1.0
8288,5,1.0
6042,128,1.0
9003,330,1.0
3261,195,1.0
1845,2139,1.0
9653,233,1.0
10127,224,1.0
6700,812,1.0
8290,3524,1.0
11092,5420,1.0
5703,3762,1.0
8396,2381,1.0
9355,77,1.0
9445,7000,1.0
1852,7347,1.0
3461,9039,1.0
2467,1082,1.0
8482,1901,1.0
1875,6008,1.0
2811,8362,1.0
9559,7710,1.0
10135,4158,1.0
3937,2668,1.0
11201,2619,1.0
7673,2,1.0
10957,3341,1.0
11484,7035,1.0
12201,5724,1.0
1571,1453,1.0
6793,2274,1.0
10765,1809,1.0
12233,504,1.0
1537,7865,1.0
4744,7559,1.0
5368,8974,1.0
11174,5835,1.0
11818,8961,1.0
4821,8936,1.0
6109,5867,1.0
7171,5992,1.0
7894,1899,1.0
8829,198,1.0
10779,9030,1.0
1274,176,1.0
5011,23,1.0
9443,1397,1.0
11521,8676,1.0
2137,90,1.0
4767,7788,1.0
9384,49,1.0
711,206,1.0
3390,7703,1.0
6521,475,1.0
7794,2727,1.0
9895,3622,1.0
3716,4800,1.0
4253,8165,1.0
9630,374,1.0
7484,1759,1.0
8250,4554,1.0
11762,205,1.0
11747,2868,1.0
9536,5825,1.0
11935,2144,1.0
3766,7691,1.0
6178,1494,1.0
11772,6210,1.0
164,5613,1.0
5510,14,1.0
6707,5715,1.0
7911,3638,1.0
11846,6206,1.0
5791,1268,1.0
1822,8321,1.0
10810,2260,1.0
6403,2525,1.0
7922,6818,1.0
8824,1407,1.0
9988,7148,1.0
6834,3625,1.0
9771,234,1.0
12099,254,1.0
2832,452,1.0
8303,3226,1.0
12266,4163,1.0
6308,3175,1.0
8941,4902,1.0
1741,1140,1.0
6364,6718,1.0
1868,8005,1.0
7075,1054,1.0
2626,1197,1.0
4859,17,1.0
9458,224,1.0
11892,4503,1.0
317,8389,1.0
1019,5904,1.0
5782,5273,1.0
10090,5582,1.0
12027,8871,1.0
1716,242,1.0
3662,5321,1.0
6938,644,1.0
10400,8586,1.0
10767,25,1.0
1630,170,1.0
3596,76,1.0
5504,4236,1.0
11882,8010,1.0
6523,4707,1.0
8957,1595,1.0
9550,1361,1.0
3617,7143,1.0
7237,6134,1.0
12035,655,1.0
643,218,1.0
892,16,1.0
1478,2361,1.0
1578,22,1.0
2773,6019,1.0
4469,2133,1.0
5292,7033,1.0
10049,4505,1.0
12330,2295,1.0
8983,3710,1.0
2629,5653,1.0
6451,5251,1.0
7207,5682,1.0
10445,2956,1.0
3525,1793,1.0
4421,1360,1.0
11458,1624,1.0
2425,4619,1.0
3920,7716,1.0
5219,1789,1.0
9631,3743,1.0
10521,4893,1.0
2892,5903,1.0
5621,8721,1.0
8346,1078,1.0
5926,2925,1.0
4943,4008,1.0
726,4432,1.0
4692,2010,1.0
8102,786,1.0
7239,5275,1.0
2701,3575,1.0
3658,201,1.0
4698,4851,1.0
11874,3486,1.0
1251,4824,1.0
6035,707,1.0
5899,1955,1.0
7454,828,1.0
9134,638,1.0
1113,8747,1.0
2389,1994,1.0
5347,5062,1.0
874,3457,1.0
2486,3866,1.0
5503,1813,1.0
8291,317,1.0
1479,602,1.0
7342,119,1.0
8577,305,1.0
8962,581,1.0
1096,7553,1.0
2062,2372,1.0
6879,3040,1.0
9275,5086,1.0
10706,2322,1.0
2051,717,1.0
4066,5017,1.0
6585,6012,1.0
8366,16,1.0
11840,4109,1.0
4376,4726,1.0
12029,209,1.0
1111,1808,1.0
2165,7263,1.0
584,7994,1.0
6875,3404,1.0
1447,1449,1.0
2049,4658,1.0
2780,1880,1.0
8108,8051,1.0
1526,3634,1.0
3090,1607,1.0
4887,1076,1.0
6512,8413,1.0
2762,6411,1.0
8540,3568,1.0
10218,1116,1.0
2948,3901,1.0
2645,2230,1.0
4156,113,1.0
4611,34,1.0
5587,2899,1.0
6432,407,1.0
11515,776,1.0
12288,45,1.0
8976,2704,1.0
11151,1828,1.0
1723,5402,1.0
11756,268,1.0
12273,346,1.0
467,4096,1.0
1304,1262,1.0
3718,80,1.0
10456,21,1.0
2743,6548,1.0
4315,1254,1.0
7479,5112,1.0
8177,7512,1.0
8550,7483,1.0
9042,371,1.0
3587,5630,1.0
4808,333,1.0
10828,1043,1.0
3478,2253,1.0
10427,8942,1.0
11740,208,1.0
6150,2898,1.0
8225,6265,1.0
11338,49,1.0
2727,1154,1.0
6692,332,1.0
8908,1143,1.0
9712,4384,1.0
2235,7160,1.0
7462,48,1.0
8307,1092,1.0
9965,8258,1.0
3797,6606,1.0
6307,6404,1.0
9827,3616,1.0
11350,6213,1.0
1596,5861,1.0
2315,999,1.0
2663,3689,1.0
8426,2024,1.0
1548,6618,1.0
5152,252,1.0
6100,2009,1.0
7924,4572,1.0
5264,71,1.0
5983,6166,1.0
10306,2631,1.0
936,3832,1.0
3909,1061,1.0
4843,7114,1.0
10883,7192,1.0
3601,1508,1.0
5280,3400,1.0
7066,523,1.0
7896,8175,1.0
3934,1937,1.0
9000,885,1.0
10550,94,1.0
11150,4161,1.0
12168,6983,1.0
4232,250,1.0
4741,15,1.0
5406,76,1.0
5834,8012,1.0
9931,3900,1.0
11185,2255,1.0
1103,2232,1.0
7315,629,1.0
10063,2405,1.0
11829,2115,1.0
4584,15,1.0
10655,106,1.0
2714,282,1.0
1625,19,1.0
5731,991,1.0
6581,1691,1.0
8270,3345,1.0
3152,1347,1.0
7206,81,1.0
8458,5217,1.0
11218,177,1.0
2068,8575,1.0
6478,41,1.0
7334,640,1.0
10596,632,1.0
7069,7752,1.0
11470,9064,1.0
11810,97,1.0
5719,1934,1.0
7747,1556,1.0
9314,4514,1.0
2974,4811,1.0
7467,4441,1.0
9831,1648,1.0
11282,8593,1.0
11611,356,1.0
2561,372,1.0
2754,84,1.0
11209,693,1.0
3340,8084,1.0
4756,639,1.0
6696,8695,1.0
7256,18,1.0
3136,3459,1.0
4311,3007,1.0
11764,2632,1.0
974,828,1.0
2249,27,1.0
7307,4805,1.0
3492,15,1.0
5814,1382,1.0
7622,21,1.0
9987,1117,1.0
5750,5980,1.0
6932,5845,1.0
8158,5527,1.0
5684,7,1.0
7071,1790,1.0
11587,1693,1.0
1102,136,1.0
2177,2139,1.0
9004,5076,1.0
9932,2006,1.0
11851,5688,1.0
4197,6661,1.0
9859,5403,1.0
10654,638,1.0
12028,114,1.0
4530,192,1.0
6001,6194,1.0
6706,8436,1.0
9288,6136,1.0
2752,1095,1.0
3981,301,1.0
6461,6414,1.0
9304,7154,1.0
9197,230,1.0
3949,13,1.0
4974,3958,1.0
3072,2469,1.0
4819,2445,1.0
8808,488,1.0
11751,1905,1.0
1460,5552,1.0
8192,4435,1.0
11668,8332,1.0
12133,319,1.0
1199,1214,1.0
9534,6369,1.0
3762,6022,1.0
6262,3364,1.0
11167,950,1.0
6828,3703,1.0
2961,8096,1.0
4609,26,1.0
9303,9155,1.0
963,110,1.0
2131,6196,1.0
3868,1964,1.0
10792,4785,1.0
11519,3006,1.0
